 Time    DRAD001001  DRAD001002  WRAD001001  WRAD001002  NP001001    NP001002    Temp   relhum 
    0.000000E+00    0.969944E-07    0.223179E-05    0.176577E-06    0.513030E-05    0.899815E+03    0.249219E+01    0.285150E+03    0.894062E+00
    0.360000E+04    0.943459E-07    0.223167E-05    0.178589E-06    0.513310E-05    0.899815E+03    0.249219E+01    0.285150E+03    0.894062E+00
    0.720000E+04    0.942758E-07    0.223164E-05    0.178773E-06    0.513307E-05    0.899815E+03    0.249219E+01    0.285150E+03    0.894062E+00
    0.108000E+05    0.942678E-07    0.223162E-05    0.178802E-06    0.513305E-05    0.899815E+03    0.249219E+01    0.285150E+03    0.894062E+00
    0.144000E+05    0.942665E-07    0.223159E-05    0.178805E-06    0.513304E-05    0.899815E+03    0.249219E+01    0.285150E+03    0.894062E+00
    0.180000E+05    0.942658E-07    0.223155E-05    0.178806E-06    0.513305E-05    0.899815E+03    0.249219E+01    0.285150E+03    0.894062E+00
    0.216000E+05    0.942745E-07    0.223132E-05    0.178811E-06    0.513339E-05    0.899815E+03    0.249219E+01    0.285150E+03    0.894062E+00
    0.252000E+05    0.943465E-07    0.223137E-05    0.178863E-06    0.513321E-05    0.899815E+03    0.249219E+01    0.285150E+03    0.894062E+00
    0.288000E+05    0.944784E-07    0.223151E-05    0.178946E-06    0.513284E-05    0.899815E+03    0.249219E+01    0.285150E+03    0.894062E+00
    0.324000E+05    0.945793E-07    0.223160E-05    0.178979E-06    0.513261E-05    0.899815E+03    0.249219E+01    0.285150E+03    0.894062E+00
    0.360000E+05    0.946546E-07    0.223163E-05    0.179004E-06    0.513252E-05    0.899815E+03    0.249219E+01    0.285150E+03    0.894062E+00
    0.396000E+05    0.947132E-07    0.223165E-05    0.179022E-06    0.513250E-05    0.899815E+03    0.249219E+01    0.285150E+03    0.894062E+00
    0.432000E+05    0.947618E-07    0.223166E-05    0.179038E-06    0.513251E-05    0.899815E+03    0.249219E+01    0.285150E+03    0.894062E+00
    0.468000E+05    0.948047E-07    0.223167E-05    0.179053E-06    0.513253E-05    0.899815E+03    0.249219E+01    0.285150E+03    0.894062E+00
    0.504000E+05    0.948446E-07    0.223168E-05    0.179065E-06    0.513255E-05    0.899815E+03    0.249219E+01    0.285150E+03    0.894062E+00
    0.540000E+05    0.948813E-07    0.223169E-05    0.179076E-06    0.513257E-05    0.899815E+03    0.249219E+01    0.285150E+03    0.894062E+00
    0.576000E+05    0.949136E-07    0.223169E-05    0.179086E-06    0.513257E-05    0.899815E+03    0.249219E+01    0.285150E+03    0.894062E+00
    0.612000E+05    0.949388E-07    0.223168E-05    0.179093E-06    0.513255E-05    0.899815E+03    0.249219E+01    0.285150E+03    0.894062E+00
    0.648000E+05    0.949524E-07    0.223165E-05    0.179095E-06    0.513252E-05    0.899815E+03    0.249219E+01    0.285150E+03    0.894062E+00
    0.684000E+05    0.949536E-07    0.223164E-05    0.179093E-06    0.513253E-05    0.899815E+03    0.249219E+01    0.285150E+03    0.894062E+00
    0.720000E+05    0.949502E-07    0.223163E-05    0.179090E-06    0.513260E-05    0.899815E+03    0.249219E+01    0.285150E+03    0.894062E+00
    0.756000E+05    0.949466E-07    0.223162E-05    0.179089E-06    0.513267E-05    0.899815E+03    0.249219E+01    0.285150E+03    0.894062E+00
    0.792000E+05    0.949426E-07    0.223161E-05    0.179088E-06    0.513272E-05    0.899815E+03    0.249219E+01    0.285150E+03    0.894062E+00
    0.828000E+05    0.949386E-07    0.223159E-05    0.179086E-06    0.513277E-05    0.899815E+03    0.249219E+01    0.285150E+03    0.894062E+00
    0.864000E+05    0.949345E-07    0.223157E-05    0.179085E-06    0.513281E-05    0.899815E+03    0.249219E+01    0.285150E+03    0.894062E+00
    0.900000E+05    0.949309E-07    0.223156E-05    0.179082E-06    0.513285E-05    0.899815E+03    0.249219E+01    0.285150E+03    0.894062E+00
    0.936000E+05    0.949268E-07    0.223154E-05    0.179081E-06    0.513289E-05    0.899815E+03    0.249219E+01    0.285150E+03    0.894062E+00
    0.972000E+05    0.949228E-07    0.223153E-05    0.179080E-06    0.513292E-05    0.899815E+03    0.249219E+01    0.285150E+03    0.894062E+00
    0.100800E+06    0.949190E-07    0.223151E-05    0.179078E-06    0.513295E-05    0.899815E+03    0.249219E+01    0.285150E+03    0.894062E+00
    0.104400E+06    0.949158E-07    0.223150E-05    0.179077E-06    0.513294E-05    0.899815E+03    0.249219E+01    0.285150E+03    0.894062E+00
    0.108000E+06    0.949359E-07    0.223152E-05    0.179088E-06    0.513285E-05    0.899815E+03    0.249219E+01    0.285150E+03    0.894062E+00
    0.111600E+06    0.950502E-07    0.223158E-05    0.179142E-06    0.513271E-05    0.899815E+03    0.249219E+01    0.285150E+03    0.894062E+00
    0.115200E+06    0.952117E-07    0.223166E-05    0.179206E-06    0.513254E-05    0.899815E+03    0.249219E+01    0.285150E+03    0.894062E+00
    0.118800E+06    0.953457E-07    0.223170E-05    0.179247E-06    0.513248E-05    0.899815E+03    0.249219E+01    0.285150E+03    0.894062E+00
    0.122400E+06    0.954401E-07    0.223171E-05    0.179275E-06    0.513248E-05    0.899815E+03    0.249219E+01    0.285150E+03    0.894062E+00
    0.126000E+06    0.955063E-07    0.223173E-05    0.179298E-06    0.513250E-05    0.899815E+03    0.249219E+01    0.285150E+03    0.894062E+00
    0.129600E+06    0.955561E-07    0.223174E-05    0.179316E-06    0.513252E-05    0.899815E+03    0.249219E+01    0.285150E+03    0.894062E+00
    0.133200E+06    0.955967E-07    0.223175E-05    0.179331E-06    0.513255E-05    0.899815E+03    0.249219E+01    0.285150E+03    0.894062E+00
    0.136800E+06    0.956318E-07    0.223176E-05    0.179344E-06    0.513258E-05    0.899815E+03    0.249219E+01    0.285150E+03    0.894062E+00
    0.140400E+06    0.956628E-07    0.223177E-05    0.179357E-06    0.513260E-05    0.899815E+03    0.249219E+01    0.285150E+03    0.894062E+00
    0.144000E+06    0.956893E-07    0.223176E-05    0.179367E-06    0.513261E-05    0.899815E+03    0.249219E+01    0.285150E+03    0.894062E+00
    0.147600E+06    0.957088E-07    0.223174E-05    0.179374E-06    0.513258E-05    0.899815E+03    0.249219E+01    0.285150E+03    0.894062E+00
    0.151200E+06    0.957176E-07    0.223172E-05    0.179375E-06    0.513254E-05    0.899815E+03    0.249219E+01    0.285150E+03    0.894062E+00
    0.154800E+06    0.957141E-07    0.223170E-05    0.179372E-06    0.513254E-05    0.899815E+03    0.249219E+01    0.285150E+03    0.894062E+00
    0.158400E+06    0.957062E-07    0.223169E-05    0.179369E-06    0.513262E-05    0.899815E+03    0.249219E+01    0.285150E+03    0.894062E+00
    0.162000E+06    0.956980E-07    0.223169E-05    0.179366E-06    0.513268E-05    0.899815E+03    0.249219E+01    0.285150E+03    0.894062E+00
    0.165600E+06    0.956895E-07    0.223167E-05    0.179363E-06    0.513274E-05    0.899815E+03    0.249219E+01    0.285150E+03    0.894062E+00
    0.169200E+06    0.956811E-07    0.223165E-05    0.179360E-06    0.513278E-05    0.899815E+03    0.249219E+01    0.285150E+03    0.894062E+00
    0.172800E+06    0.956729E-07    0.223164E-05    0.179356E-06    0.513282E-05    0.899815E+03    0.249219E+01    0.285150E+03    0.894062E+00
    0.176400E+06    0.956646E-07    0.223162E-05    0.179353E-06    0.513285E-05    0.899815E+03    0.249219E+01    0.285150E+03    0.894062E+00
    0.180000E+06    0.956565E-07    0.223160E-05    0.179349E-06    0.513288E-05    0.899815E+03    0.249219E+01    0.285150E+03    0.894062E+00
    0.183600E+06    0.956485E-07    0.223159E-05    0.179345E-06    0.513290E-05    0.899815E+03    0.249219E+01    0.285150E+03    0.894062E+00
    0.187200E+06    0.956406E-07    0.223158E-05    0.179341E-06    0.513292E-05    0.899815E+03    0.249219E+01    0.285150E+03    0.894062E+00
    0.190800E+06    0.956331E-07    0.223156E-05    0.179338E-06    0.513293E-05    0.899815E+03    0.249219E+01    0.285150E+03    0.894062E+00
    0.194400E+06    0.956496E-07    0.223157E-05    0.179346E-06    0.513282E-05    0.899815E+03    0.249219E+01    0.285150E+03    0.894062E+00
    0.198000E+06    0.957623E-07    0.223163E-05    0.179400E-06    0.513269E-05    0.899815E+03    0.249219E+01    0.285150E+03    0.894062E+00
    0.201600E+06    0.959211E-07    0.223170E-05    0.179467E-06    0.513254E-05    0.899815E+03    0.249219E+01    0.285150E+03    0.894062E+00
    0.205200E+06    0.960488E-07    0.223174E-05    0.179517E-06    0.513249E-05    0.899815E+03    0.249219E+01    0.285150E+03    0.894062E+00
    0.208800E+06    0.961361E-07    0.223175E-05    0.179549E-06    0.513249E-05    0.899815E+03    0.249219E+01    0.285150E+03    0.894062E+00
    0.212400E+06    0.961953E-07    0.223176E-05    0.179571E-06    0.513251E-05    0.899815E+03    0.249219E+01    0.285150E+03    0.894062E+00
    0.216000E+06    0.962387E-07    0.223178E-05    0.179586E-06    0.513254E-05    0.899815E+03    0.249219E+01    0.285150E+03    0.894062E+00
    0.219600E+06    0.962732E-07    0.223179E-05    0.179600E-06    0.513257E-05    0.899815E+03    0.249219E+01    0.285150E+03    0.894062E+00
    0.223200E+06    0.963028E-07    0.223180E-05    0.179610E-06    0.513260E-05    0.899815E+03    0.249219E+01    0.285150E+03    0.894062E+00
    0.226800E+06    0.963286E-07    0.223181E-05    0.179620E-06    0.513263E-05    0.899815E+03    0.249219E+01    0.285150E+03    0.894062E+00
    0.230400E+06    0.963501E-07    0.223180E-05    0.179627E-06    0.513263E-05    0.899815E+03    0.249219E+01    0.285150E+03    0.894062E+00
    0.234000E+06    0.963649E-07    0.223178E-05    0.179632E-06    0.513260E-05    0.899815E+03    0.249219E+01    0.285150E+03    0.894062E+00
    0.237600E+06    0.963695E-07    0.223175E-05    0.179633E-06    0.513255E-05    0.899815E+03    0.249219E+01    0.285150E+03    0.894062E+00
    0.241200E+06    0.963624E-07    0.223173E-05    0.179628E-06    0.513255E-05    0.899815E+03    0.249219E+01    0.285150E+03    0.894062E+00
    0.244800E+06    0.963507E-07    0.223173E-05    0.179623E-06    0.513263E-05    0.899815E+03    0.249219E+01    0.285150E+03    0.894062E+00
    0.248400E+06    0.963387E-07    0.223172E-05    0.179619E-06    0.513269E-05    0.899815E+03    0.249219E+01    0.285150E+03    0.894062E+00
    0.252000E+06    0.963268E-07    0.223170E-05    0.179614E-06    0.513273E-05    0.899815E+03    0.249219E+01    0.285150E+03    0.894062E+00
    0.255600E+06    0.963149E-07    0.223169E-05    0.179609E-06    0.513277E-05    0.899815E+03    0.249219E+01    0.285150E+03    0.894062E+00
    0.259200E+06    0.963032E-07    0.223167E-05    0.179603E-06    0.513280E-05    0.899815E+03    0.249219E+01    0.285150E+03    0.894062E+00
    0.262800E+06    0.962915E-07    0.223166E-05    0.179598E-06    0.513283E-05    0.899815E+03    0.249219E+01    0.285150E+03    0.894062E+00
    0.266400E+06    0.962798E-07    0.223164E-05    0.179592E-06    0.513285E-05    0.899815E+03    0.249219E+01    0.285150E+03    0.894062E+00
    0.270000E+06    0.962682E-07    0.223163E-05    0.179587E-06    0.513287E-05    0.899815E+03    0.249219E+01    0.285150E+03    0.894062E+00
    0.273600E+06    0.962568E-07    0.223162E-05    0.179581E-06    0.513288E-05    0.899815E+03    0.249219E+01    0.285150E+03    0.894062E+00
    0.277200E+06    0.962460E-07    0.223159E-05    0.179576E-06    0.513291E-05    0.899815E+03    0.249219E+01    0.285150E+03    0.894062E+00
    0.280800E+06    0.962591E-07    0.223160E-05    0.179583E-06    0.513280E-05    0.899815E+03    0.249219E+01    0.285150E+03    0.894062E+00
    0.284400E+06    0.963694E-07    0.223166E-05    0.179638E-06    0.513268E-05    0.899815E+03    0.249219E+01    0.285150E+03    0.894062E+00
    0.288000E+06    0.965248E-07    0.223172E-05    0.179705E-06    0.513253E-05    0.899815E+03    0.249219E+01    0.285150E+03    0.894062E+00
    0.291600E+06    0.966470E-07    0.223176E-05    0.179754E-06    0.513248E-05    0.899815E+03    0.249219E+01    0.285150E+03    0.894062E+00
    0.295200E+06    0.967282E-07    0.223177E-05    0.179785E-06    0.513249E-05    0.899815E+03    0.249219E+01    0.285150E+03    0.894062E+00
    0.298800E+06    0.967819E-07    0.223178E-05    0.179806E-06    0.513251E-05    0.899815E+03    0.249219E+01    0.285150E+03    0.894062E+00
    0.302400E+06    0.968201E-07    0.223179E-05    0.179820E-06    0.513254E-05    0.899815E+03    0.249219E+01    0.285150E+03    0.894062E+00
    0.306000E+06    0.968499E-07    0.223181E-05    0.179831E-06    0.513257E-05    0.899815E+03    0.249219E+01    0.285150E+03    0.894062E+00
    0.309600E+06    0.968743E-07    0.223182E-05    0.179842E-06    0.513261E-05    0.899815E+03    0.249219E+01    0.285150E+03    0.894062E+00
    0.313200E+06    0.968949E-07    0.223182E-05    0.179851E-06    0.513264E-05    0.899815E+03    0.249219E+01    0.285150E+03    0.894062E+00
    0.316800E+06    0.969120E-07    0.223182E-05    0.179857E-06    0.513264E-05    0.899815E+03    0.249219E+01    0.285150E+03    0.894062E+00
    0.320400E+06    0.969230E-07    0.223179E-05    0.179861E-06    0.513260E-05    0.899815E+03    0.249219E+01    0.285150E+03    0.894062E+00
    0.324000E+06    0.969243E-07    0.223176E-05    0.179860E-06    0.513255E-05    0.899815E+03    0.249219E+01    0.285150E+03    0.894062E+00
    0.327600E+06    0.969139E-07    0.223174E-05    0.179854E-06    0.513256E-05    0.899815E+03    0.249219E+01    0.285150E+03    0.894062E+00
    0.331200E+06    0.968991E-07    0.223174E-05    0.179848E-06    0.513262E-05    0.899815E+03    0.249219E+01    0.285150E+03    0.894062E+00
    0.334800E+06    0.968842E-07    0.223174E-05    0.179841E-06    0.513268E-05    0.899815E+03    0.249219E+01    0.285150E+03    0.894062E+00
    0.338400E+06    0.968692E-07    0.223172E-05    0.179835E-06    0.513272E-05    0.899815E+03    0.249219E+01    0.285150E+03    0.894062E+00
    0.342000E+06    0.968543E-07    0.223171E-05    0.179828E-06    0.513275E-05    0.899815E+03    0.249219E+01    0.285150E+03    0.894062E+00
    0.345600E+06    0.968395E-07    0.223169E-05    0.179821E-06    0.513278E-05    0.899815E+03    0.249219E+01    0.285150E+03    0.894062E+00
    0.349200E+06    0.968249E-07    0.223168E-05    0.179814E-06    0.513280E-05    0.899815E+03    0.249219E+01    0.285150E+03    0.894062E+00
    0.352800E+06    0.968102E-07    0.223167E-05    0.179808E-06    0.513282E-05    0.899815E+03    0.249219E+01    0.285150E+03    0.894062E+00
    0.356400E+06    0.967954E-07    0.223166E-05    0.179802E-06    0.513282E-05    0.899815E+03    0.249219E+01    0.285150E+03    0.894062E+00
    0.360000E+06    0.967808E-07    0.223165E-05    0.179795E-06    0.513283E-05    0.899815E+03    0.249219E+01    0.285150E+03    0.894062E+00
    0.363600E+06    0.967670E-07    0.223162E-05    0.179789E-06    0.513287E-05    0.899815E+03    0.249219E+01    0.285150E+03    0.894062E+00
    0.367200E+06    0.967769E-07    0.223162E-05    0.179795E-06    0.513278E-05    0.899815E+03    0.249219E+01    0.285150E+03    0.894062E+00
    0.370800E+06    0.968852E-07    0.223167E-05    0.179850E-06    0.513267E-05    0.899815E+03    0.249219E+01    0.285150E+03    0.894062E+00
    0.374400E+06    0.970377E-07    0.223174E-05    0.179917E-06    0.513253E-05    0.899815E+03    0.249219E+01    0.285150E+03    0.894062E+00
    0.378000E+06    0.971554E-07    0.223177E-05    0.179965E-06    0.513248E-05    0.899815E+03    0.249219E+01    0.285150E+03    0.894062E+00
    0.381600E+06    0.972321E-07    0.223178E-05    0.179994E-06    0.513248E-05    0.899815E+03    0.249219E+01    0.285150E+03    0.894062E+00
    0.385200E+06    0.972818E-07    0.223179E-05    0.180012E-06    0.513250E-05    0.899815E+03    0.249219E+01    0.285150E+03    0.894062E+00
    0.388800E+06    0.973161E-07    0.223180E-05    0.180025E-06    0.513253E-05    0.899815E+03    0.249219E+01    0.285150E+03    0.894062E+00
    0.392400E+06    0.973421E-07    0.223181E-05    0.180034E-06    0.513257E-05    0.899815E+03    0.249219E+01    0.285150E+03    0.894062E+00
    0.396000E+06    0.973627E-07    0.223183E-05    0.180043E-06    0.513261E-05    0.899815E+03    0.249219E+01    0.285150E+03    0.894062E+00
    0.399600E+06    0.973798E-07    0.223183E-05    0.180050E-06    0.513263E-05    0.899815E+03    0.249219E+01    0.285150E+03    0.894062E+00
    0.403200E+06    0.973931E-07    0.223182E-05    0.180055E-06    0.513263E-05    0.899815E+03    0.249219E+01    0.285150E+03    0.894062E+00
    0.406800E+06    0.974010E-07    0.223180E-05    0.180057E-06    0.513259E-05    0.899815E+03    0.249219E+01    0.285150E+03    0.894062E+00
    0.410400E+06    0.973990E-07    0.223177E-05    0.180056E-06    0.513255E-05    0.899815E+03    0.249219E+01    0.285150E+03    0.894062E+00
    0.414000E+06    0.973858E-07    0.223175E-05    0.180049E-06    0.513255E-05    0.899815E+03    0.249219E+01    0.285150E+03    0.894062E+00
    0.417600E+06    0.973685E-07    0.223175E-05    0.180041E-06    0.513262E-05    0.899815E+03    0.249219E+01    0.285150E+03    0.894062E+00
    0.421200E+06    0.973510E-07    0.223175E-05    0.180034E-06    0.513266E-05    0.899815E+03    0.249219E+01    0.285150E+03    0.894062E+00
    0.424800E+06    0.973333E-07    0.223173E-05    0.180026E-06    0.513270E-05    0.899815E+03    0.249219E+01    0.285150E+03    0.894062E+00
    0.428400E+06    0.973160E-07    0.223172E-05    0.180018E-06    0.513273E-05    0.899815E+03    0.249219E+01    0.285150E+03    0.894062E+00
    0.432000E+06    0.972985E-07    0.223171E-05    0.180011E-06    0.513275E-05    0.899815E+03    0.249219E+01    0.285150E+03    0.894062E+00
    0.435600E+06    0.972814E-07    0.223169E-05    0.180002E-06    0.513277E-05    0.899815E+03    0.249219E+01    0.285150E+03    0.894062E+00
    0.439200E+06    0.972642E-07    0.223168E-05    0.179994E-06    0.513278E-05    0.899815E+03    0.249219E+01    0.285150E+03    0.894062E+00
    0.442800E+06    0.972467E-07    0.223168E-05    0.179987E-06    0.513278E-05    0.899815E+03    0.249219E+01    0.285150E+03    0.894062E+00
    0.446400E+06    0.972297E-07    0.223167E-05    0.179980E-06    0.513278E-05    0.899815E+03    0.249219E+01    0.285150E+03    0.894062E+00
    0.450000E+06    0.972134E-07    0.223164E-05    0.179972E-06    0.513283E-05    0.899815E+03    0.249219E+01    0.285150E+03    0.894062E+00
    0.453600E+06    0.972207E-07    0.223163E-05    0.179978E-06    0.513277E-05    0.899815E+03    0.249219E+01    0.285150E+03    0.894062E+00
    0.457200E+06    0.973270E-07    0.223168E-05    0.180032E-06    0.513266E-05    0.899815E+03    0.249219E+01    0.285150E+03    0.894062E+00
    0.460800E+06    0.974774E-07    0.223174E-05    0.180098E-06    0.513252E-05    0.899815E+03    0.249219E+01    0.285150E+03    0.894062E+00
    0.464400E+06    0.975918E-07    0.223177E-05    0.180143E-06    0.513247E-05    0.899815E+03    0.249219E+01    0.285150E+03    0.894062E+00
    0.468000E+06    0.976650E-07    0.223179E-05    0.180170E-06    0.513248E-05    0.899815E+03    0.249219E+01    0.285150E+03    0.894062E+00
    0.471600E+06    0.977111E-07    0.223180E-05    0.180187E-06    0.513250E-05    0.899815E+03    0.249219E+01    0.285150E+03    0.894062E+00
    0.475200E+06    0.977419E-07    0.223181E-05    0.180199E-06    0.513253E-05    0.899815E+03    0.249219E+01    0.285150E+03    0.894062E+00
    0.478800E+06    0.977639E-07    0.223182E-05    0.180209E-06    0.513256E-05    0.899815E+03    0.249219E+01    0.285150E+03    0.894062E+00
    0.482400E+06    0.977810E-07    0.223183E-05    0.180217E-06    0.513260E-05    0.899815E+03    0.249219E+01    0.285150E+03    0.894062E+00
    0.486000E+06    0.977946E-07    0.223183E-05    0.180223E-06    0.513262E-05    0.899815E+03    0.249219E+01    0.285150E+03    0.894062E+00
    0.489600E+06    0.978047E-07    0.223182E-05    0.180227E-06    0.513261E-05    0.899815E+03    0.249219E+01    0.285150E+03    0.894062E+00
    0.493200E+06    0.978100E-07    0.223180E-05    0.180228E-06    0.513258E-05    0.899815E+03    0.249219E+01    0.285150E+03    0.894062E+00
    0.496800E+06    0.978059E-07    0.223177E-05    0.180225E-06    0.513254E-05    0.899815E+03    0.249219E+01    0.285150E+03    0.894062E+00
    0.500400E+06    0.977907E-07    0.223175E-05    0.180216E-06    0.513255E-05    0.899815E+03    0.249219E+01    0.285150E+03    0.894062E+00
    0.504000E+06    0.977710E-07    0.223176E-05    0.180208E-06    0.513261E-05    0.899815E+03    0.249219E+01    0.285150E+03    0.894062E+00
    0.507600E+06    0.977513E-07    0.223175E-05    0.180199E-06    0.513265E-05    0.899815E+03    0.249219E+01    0.285150E+03    0.894062E+00
    0.511200E+06    0.977312E-07    0.223174E-05    0.180192E-06    0.513268E-05    0.899815E+03    0.249219E+01    0.285150E+03    0.894062E+00
    0.514800E+06    0.977111E-07    0.223173E-05    0.180184E-06    0.513271E-05    0.899815E+03    0.249219E+01    0.285150E+03    0.894062E+00
    0.518400E+06    0.976911E-07    0.223172E-05    0.180176E-06    0.513273E-05    0.899815E+03    0.249219E+01    0.285150E+03    0.894062E+00
    0.522000E+06    0.976712E-07    0.223171E-05    0.180168E-06    0.513274E-05    0.899815E+03    0.249219E+01    0.285150E+03    0.894062E+00
    0.525600E+06    0.976518E-07    0.223170E-05    0.180159E-06    0.513274E-05    0.899815E+03    0.249219E+01    0.285150E+03    0.894062E+00
    0.529200E+06    0.976325E-07    0.223169E-05    0.180151E-06    0.513274E-05    0.899815E+03    0.249219E+01    0.285150E+03    0.894062E+00
    0.532800E+06    0.976133E-07    0.223169E-05    0.180142E-06    0.513273E-05    0.899815E+03    0.249219E+01    0.285150E+03    0.894062E+00
    0.536400E+06    0.975949E-07    0.223165E-05    0.180134E-06    0.513280E-05    0.899815E+03    0.249219E+01    0.285150E+03    0.894062E+00
    0.540000E+06    0.975998E-07    0.223164E-05    0.180138E-06    0.513275E-05    0.899815E+03    0.249219E+01    0.285150E+03    0.894062E+00
    0.543600E+06    0.977041E-07    0.223168E-05    0.180192E-06    0.513265E-05    0.899815E+03    0.249219E+01    0.285150E+03    0.894062E+00
    0.547200E+06    0.978522E-07    0.223174E-05    0.180258E-06    0.513251E-05    0.899815E+03    0.249219E+01    0.285150E+03    0.894062E+00
    0.550800E+06    0.979638E-07    0.223178E-05    0.180303E-06    0.513247E-05    0.899815E+03    0.249219E+01    0.285150E+03    0.894062E+00
    0.554400E+06    0.980339E-07    0.223179E-05    0.180328E-06    0.513247E-05    0.899815E+03    0.249219E+01    0.285150E+03    0.894062E+00
    0.558000E+06    0.980773E-07    0.223180E-05    0.180343E-06    0.513249E-05    0.899815E+03    0.249219E+01    0.285150E+03    0.894062E+00
    0.561600E+06    0.981056E-07    0.223181E-05    0.180353E-06    0.513252E-05    0.899815E+03    0.249219E+01    0.285150E+03    0.894062E+00
    0.565200E+06    0.981253E-07    0.223182E-05    0.180360E-06    0.513255E-05    0.899815E+03    0.249219E+01    0.285150E+03    0.894062E+00
    0.568800E+06    0.981395E-07    0.223183E-05    0.180367E-06    0.513259E-05    0.899815E+03    0.249219E+01    0.285150E+03    0.894062E+00
    0.572400E+06    0.981505E-07    0.223183E-05    0.180372E-06    0.513261E-05    0.899815E+03    0.249219E+01    0.285150E+03    0.894062E+00
    0.576000E+06    0.981579E-07    0.223182E-05    0.180375E-06    0.513260E-05    0.899815E+03    0.249219E+01    0.285150E+03    0.894062E+00
    0.579600E+06    0.981606E-07    0.223179E-05    0.180376E-06    0.513257E-05    0.899815E+03    0.249219E+01    0.285150E+03    0.894062E+00
    0.583200E+06    0.981542E-07    0.223177E-05    0.180373E-06    0.513254E-05    0.899815E+03    0.249219E+01    0.285150E+03    0.894062E+00
    0.586800E+06    0.981367E-07    0.223176E-05    0.180364E-06    0.513255E-05    0.899815E+03    0.249219E+01    0.285150E+03    0.894062E+00
    0.590400E+06    0.981149E-07    0.223176E-05    0.180356E-06    0.513260E-05    0.899815E+03    0.249219E+01    0.285150E+03    0.894062E+00
    0.594000E+06    0.980929E-07    0.223176E-05    0.180347E-06    0.513264E-05    0.899815E+03    0.249219E+01    0.285150E+03    0.894062E+00
    0.597600E+06    0.980710E-07    0.223175E-05    0.180338E-06    0.513267E-05    0.899815E+03    0.249219E+01    0.285150E+03    0.894062E+00
    0.601200E+06    0.980495E-07    0.223173E-05    0.180328E-06    0.513269E-05    0.899815E+03    0.249219E+01    0.285150E+03    0.894062E+00
    0.604800E+06    0.980279E-07    0.223172E-05    0.180319E-06    0.513270E-05    0.899815E+03    0.249219E+01    0.285150E+03    0.894062E+00
    0.608400E+06    0.980066E-07    0.223171E-05    0.180309E-06    0.513271E-05    0.899815E+03    0.249219E+01    0.285150E+03    0.894062E+00
    0.612000E+06    0.979853E-07    0.223171E-05    0.180300E-06    0.513271E-05    0.899815E+03    0.249219E+01    0.285150E+03    0.894062E+00
    0.615600E+06    0.979642E-07    0.223170E-05    0.180290E-06    0.513271E-05    0.899815E+03    0.249219E+01    0.285150E+03    0.894062E+00
    0.619200E+06    0.979432E-07    0.223170E-05    0.180281E-06    0.513270E-05    0.899815E+03    0.249219E+01    0.285150E+03    0.894062E+00
    0.622800E+06    0.979230E-07    0.223167E-05    0.180272E-06    0.513277E-05    0.899815E+03    0.249219E+01    0.285150E+03    0.894062E+00
    0.626400E+06    0.979257E-07    0.223165E-05    0.180276E-06    0.513274E-05    0.899815E+03    0.249219E+01    0.285150E+03    0.894062E+00
    0.630000E+06    0.980282E-07    0.223169E-05    0.180328E-06    0.513264E-05    0.899815E+03    0.249219E+01    0.285150E+03    0.894062E+00
    0.633600E+06    0.981746E-07    0.223175E-05    0.180394E-06    0.513251E-05    0.899815E+03    0.249219E+01    0.285150E+03    0.894062E+00
    0.637200E+06    0.982836E-07    0.223178E-05    0.180437E-06    0.513246E-05    0.899815E+03    0.249219E+01    0.285150E+03    0.894062E+00
    0.640800E+06    0.983511E-07    0.223179E-05    0.180462E-06    0.513247E-05    0.899815E+03    0.249219E+01    0.285150E+03    0.894062E+00
    0.644400E+06    0.983917E-07    0.223180E-05    0.180478E-06    0.513249E-05    0.899815E+03    0.249219E+01    0.285150E+03    0.894062E+00
    0.648000E+06    0.984176E-07    0.223181E-05    0.180486E-06    0.513251E-05    0.899815E+03    0.249219E+01    0.285150E+03    0.894062E+00
    0.651600E+06    0.984351E-07    0.223182E-05    0.180492E-06    0.513255E-05    0.899815E+03    0.249219E+01    0.285150E+03    0.894062E+00
    0.655200E+06    0.984473E-07    0.223182E-05    0.180497E-06    0.513258E-05    0.899815E+03    0.249219E+01    0.285150E+03    0.894062E+00
    0.658800E+06    0.984559E-07    0.223183E-05    0.180501E-06    0.513260E-05    0.899815E+03    0.249219E+01    0.285150E+03    0.894062E+00
    0.662400E+06    0.984613E-07    0.223182E-05    0.180503E-06    0.513259E-05    0.899815E+03    0.249219E+01    0.285150E+03    0.894062E+00
    0.666000E+06    0.984618E-07    0.223179E-05    0.180503E-06    0.513256E-05    0.899815E+03    0.249219E+01    0.285150E+03    0.894062E+00
    0.669600E+06    0.984539E-07    0.223177E-05    0.180498E-06    0.513253E-05    0.899815E+03    0.249219E+01    0.285150E+03    0.894062E+00
    0.673200E+06    0.984348E-07    0.223176E-05    0.180489E-06    0.513254E-05    0.899815E+03    0.249219E+01    0.285150E+03    0.894062E+00
    0.676800E+06    0.984115E-07    0.223176E-05    0.180480E-06    0.513259E-05    0.899815E+03    0.249219E+01    0.285150E+03    0.894062E+00
    0.680400E+06    0.983881E-07    0.223176E-05    0.180470E-06    0.513263E-05    0.899815E+03    0.249219E+01    0.285150E+03    0.894062E+00
    0.684000E+06    0.983648E-07    0.223175E-05    0.180459E-06    0.513265E-05    0.899815E+03    0.249219E+01    0.285150E+03    0.894062E+00
    0.687600E+06    0.983415E-07    0.223174E-05    0.180449E-06    0.513267E-05    0.899815E+03    0.249219E+01    0.285150E+03    0.894062E+00
    0.691200E+06    0.983181E-07    0.223173E-05    0.180440E-06    0.513268E-05    0.899815E+03    0.249219E+01    0.285150E+03    0.894062E+00
    0.694800E+06    0.982952E-07    0.223172E-05    0.180429E-06    0.513269E-05    0.899815E+03    0.249219E+01    0.285150E+03    0.894062E+00
    0.698400E+06    0.982721E-07    0.223172E-05    0.180420E-06    0.513269E-05    0.899815E+03    0.249219E+01    0.285150E+03    0.894062E+00
    0.702000E+06    0.982491E-07    0.223171E-05    0.180410E-06    0.513268E-05    0.899815E+03    0.249219E+01    0.285150E+03    0.894062E+00
    0.705600E+06    0.982265E-07    0.223171E-05    0.180400E-06    0.513267E-05    0.899815E+03    0.249219E+01    0.285150E+03    0.894062E+00
    0.709200E+06    0.982047E-07    0.223168E-05    0.180391E-06    0.513274E-05    0.899815E+03    0.249219E+01    0.285150E+03    0.894062E+00
    0.712800E+06    0.982057E-07    0.223165E-05    0.180393E-06    0.513272E-05    0.899815E+03    0.249219E+01    0.285150E+03    0.894062E+00
    0.716400E+06    0.983062E-07    0.223169E-05    0.180446E-06    0.513264E-05    0.899815E+03    0.249219E+01    0.285150E+03    0.894062E+00
    0.720000E+06    0.984505E-07    0.223175E-05    0.180512E-06    0.513250E-05    0.899815E+03    0.249219E+01    0.285150E+03    0.894062E+00
    0.723600E+06    0.985575E-07    0.223178E-05    0.180555E-06    0.513246E-05    0.899815E+03    0.249219E+01    0.285150E+03    0.894062E+00
    0.727200E+06    0.986231E-07    0.223179E-05    0.180579E-06    0.513246E-05    0.899815E+03    0.249219E+01    0.285150E+03    0.894062E+00
    0.730800E+06    0.986618E-07    0.223180E-05    0.180593E-06    0.513248E-05    0.899815E+03    0.249219E+01    0.285150E+03    0.894062E+00
    0.734400E+06    0.986850E-07    0.223180E-05    0.180602E-06    0.513251E-05    0.899815E+03    0.249219E+01    0.285150E+03    0.894062E+00
    0.738000E+06    0.986998E-07    0.223181E-05    0.180609E-06    0.513254E-05    0.899815E+03    0.249219E+01    0.285150E+03    0.894062E+00
    0.741600E+06    0.987098E-07    0.223182E-05    0.180613E-06    0.513257E-05    0.899815E+03    0.249219E+01    0.285150E+03    0.894062E+00
    0.745200E+06    0.987164E-07    0.223182E-05    0.180616E-06    0.513259E-05    0.899815E+03    0.249219E+01    0.285150E+03    0.894062E+00
    0.748800E+06    0.987202E-07    0.223181E-05    0.180617E-06    0.513259E-05    0.899815E+03    0.249219E+01    0.285150E+03    0.894062E+00
    0.752400E+06    0.987194E-07    0.223179E-05    0.180615E-06    0.513256E-05    0.899815E+03    0.249219E+01    0.285150E+03    0.894062E+00
    0.756000E+06    0.987100E-07    0.223177E-05    0.180610E-06    0.513253E-05    0.899815E+03    0.249219E+01    0.285150E+03    0.894062E+00
    0.759600E+06    0.986897E-07    0.223176E-05    0.180600E-06    0.513254E-05    0.899815E+03    0.249219E+01    0.285150E+03    0.894062E+00
    0.763200E+06    0.986650E-07    0.223176E-05    0.180589E-06    0.513258E-05    0.899815E+03    0.249219E+01    0.285150E+03    0.894062E+00
    0.766800E+06    0.986403E-07    0.223176E-05    0.180579E-06    0.513262E-05    0.899815E+03    0.249219E+01    0.285150E+03    0.894062E+00
    0.770400E+06    0.986156E-07    0.223175E-05    0.180568E-06    0.513264E-05    0.899815E+03    0.249219E+01    0.285150E+03    0.894062E+00
    0.774000E+06    0.985909E-07    0.223174E-05    0.180557E-06    0.513266E-05    0.899815E+03    0.249219E+01    0.285150E+03    0.894062E+00
    0.777600E+06    0.985664E-07    0.223173E-05    0.180546E-06    0.513267E-05    0.899815E+03    0.249219E+01    0.285150E+03    0.894062E+00
    0.781200E+06    0.985418E-07    0.223172E-05    0.180536E-06    0.513267E-05    0.899815E+03    0.249219E+01    0.285150E+03    0.894062E+00
    0.784800E+06    0.985176E-07    0.223172E-05    0.180525E-06    0.513267E-05    0.899815E+03    0.249219E+01    0.285150E+03    0.894062E+00
    0.788400E+06    0.984937E-07    0.223172E-05    0.180514E-06    0.513266E-05    0.899815E+03    0.249219E+01    0.285150E+03    0.894062E+00
    0.792000E+06    0.984697E-07    0.223172E-05    0.180504E-06    0.513265E-05    0.899815E+03    0.249219E+01    0.285150E+03    0.894062E+00
    0.795600E+06    0.984466E-07    0.223168E-05    0.180493E-06    0.513272E-05    0.899815E+03    0.249219E+01    0.285150E+03    0.894062E+00
    0.799200E+06    0.984462E-07    0.223166E-05    0.180495E-06    0.513271E-05    0.899815E+03    0.249219E+01    0.285150E+03    0.894062E+00
    0.802800E+06    0.985451E-07    0.223169E-05    0.180547E-06    0.513263E-05    0.899815E+03    0.249219E+01    0.285150E+03    0.894062E+00
    0.806400E+06    0.986879E-07    0.223174E-05    0.180613E-06    0.513250E-05    0.899815E+03    0.249219E+01    0.285150E+03    0.894062E+00
    0.810000E+06    0.987935E-07    0.223177E-05    0.180654E-06    0.513246E-05    0.899815E+03    0.249219E+01    0.285150E+03    0.894062E+00
    0.813600E+06    0.988570E-07    0.223179E-05    0.180678E-06    0.513246E-05    0.899815E+03    0.249219E+01    0.285150E+03    0.894062E+00
    0.817200E+06    0.988940E-07    0.223180E-05    0.180691E-06    0.513248E-05    0.899815E+03    0.249219E+01    0.285150E+03    0.894062E+00
    0.820800E+06    0.989160E-07    0.223180E-05    0.180699E-06    0.513250E-05    0.899815E+03    0.249219E+01    0.285150E+03    0.894062E+00
    0.824400E+06    0.989293E-07    0.223181E-05    0.180704E-06    0.513254E-05    0.899815E+03    0.249219E+01    0.285150E+03    0.894062E+00
    0.828000E+06    0.989376E-07    0.223182E-05    0.180707E-06    0.513257E-05    0.899815E+03    0.249219E+01    0.285150E+03    0.894062E+00
    0.831600E+06    0.989427E-07    0.223182E-05    0.180709E-06    0.513259E-05    0.899815E+03    0.249219E+01    0.285150E+03    0.894062E+00
    0.835200E+06    0.989447E-07    0.223181E-05    0.180710E-06    0.513258E-05    0.899815E+03    0.249219E+01    0.285150E+03    0.894062E+00
    0.838800E+06    0.989423E-07    0.223179E-05    0.180708E-06    0.513255E-05    0.899815E+03    0.249219E+01    0.285150E+03    0.894062E+00
    0.842400E+06    0.989316E-07    0.223177E-05    0.180702E-06    0.513253E-05    0.899815E+03    0.249219E+01    0.285150E+03    0.894062E+00
    0.846000E+06    0.989100E-07    0.223176E-05    0.180692E-06    0.513254E-05    0.899815E+03    0.249219E+01    0.285150E+03    0.894062E+00
    0.849600E+06    0.988842E-07    0.223176E-05    0.180681E-06    0.513258E-05    0.899815E+03    0.249219E+01    0.285150E+03    0.894062E+00
    0.853200E+06    0.988583E-07    0.223176E-05    0.180669E-06    0.513261E-05    0.899815E+03    0.249219E+01    0.285150E+03    0.894062E+00
    0.856800E+06    0.988324E-07    0.223175E-05    0.180658E-06    0.513263E-05    0.899815E+03    0.249219E+01    0.285150E+03    0.894062E+00
    0.860400E+06    0.988066E-07    0.223174E-05    0.180646E-06    0.513265E-05    0.899815E+03    0.249219E+01    0.285150E+03    0.894062E+00
    0.864000E+06    0.987810E-07    0.223173E-05    0.180635E-06    0.513266E-05    0.899815E+03    0.249219E+01    0.285150E+03    0.894062E+00
    0.867600E+06    0.987554E-07    0.223173E-05    0.180624E-06    0.513266E-05    0.899815E+03    0.249219E+01    0.285150E+03    0.894062E+00
    0.871200E+06    0.987301E-07    0.223172E-05    0.180612E-06    0.513266E-05    0.899815E+03    0.249219E+01    0.285150E+03    0.894062E+00
    0.874800E+06    0.987047E-07    0.223172E-05    0.180602E-06    0.513265E-05    0.899815E+03    0.249219E+01    0.285150E+03    0.894062E+00
    0.878400E+06    0.986792E-07    0.223172E-05    0.180592E-06    0.513264E-05    0.899815E+03    0.249219E+01    0.285150E+03    0.894062E+00
    0.882000E+06    0.986551E-07    0.223169E-05    0.180581E-06    0.513271E-05    0.899815E+03    0.249219E+01    0.285150E+03    0.894062E+00
    0.885600E+06    0.986534E-07    0.223166E-05    0.180582E-06    0.513271E-05    0.899815E+03    0.249219E+01    0.285150E+03    0.894062E+00
    0.889200E+06    0.987508E-07    0.223169E-05    0.180633E-06    0.513263E-05    0.899815E+03    0.249219E+01    0.285150E+03    0.894062E+00
    0.892800E+06    0.988925E-07    0.223174E-05    0.180698E-06    0.513250E-05    0.899815E+03    0.249219E+01    0.285150E+03    0.894062E+00
    0.896400E+06    0.989964E-07    0.223177E-05    0.180739E-06    0.513245E-05    0.899815E+03    0.249219E+01    0.285150E+03    0.894062E+00
    0.900000E+06    0.990585E-07    0.223179E-05    0.180762E-06    0.513246E-05    0.899815E+03    0.249219E+01    0.285150E+03    0.894062E+00
    0.903600E+06    0.990939E-07    0.223179E-05    0.180775E-06    0.513247E-05    0.899815E+03    0.249219E+01    0.285150E+03    0.894062E+00
    0.907200E+06    0.991141E-07    0.223180E-05    0.180783E-06    0.513250E-05    0.899815E+03    0.249219E+01    0.285150E+03    0.894062E+00
    0.910800E+06    0.991263E-07    0.223181E-05    0.180787E-06    0.513253E-05    0.899815E+03    0.249219E+01    0.285150E+03    0.894062E+00
    0.914400E+06    0.991335E-07    0.223182E-05    0.180788E-06    0.513256E-05    0.899815E+03    0.249219E+01    0.285150E+03    0.894062E+00
    0.918000E+06    0.991375E-07    0.223182E-05    0.180789E-06    0.513258E-05    0.899815E+03    0.249219E+01    0.285150E+03    0.894062E+00
    0.921600E+06    0.991379E-07    0.223181E-05    0.180789E-06    0.513258E-05    0.899815E+03    0.249219E+01    0.285150E+03    0.894062E+00
    0.925200E+06    0.991343E-07    0.223179E-05    0.180787E-06    0.513255E-05    0.899815E+03    0.249219E+01    0.285150E+03    0.894062E+00
    0.928800E+06    0.991227E-07    0.223177E-05    0.180780E-06    0.513253E-05    0.899815E+03    0.249219E+01    0.285150E+03    0.894062E+00
    0.932400E+06    0.991001E-07    0.223175E-05    0.180769E-06    0.513254E-05    0.899815E+03    0.249219E+01    0.285150E+03    0.894062E+00
    0.936000E+06    0.990732E-07    0.223176E-05    0.180758E-06    0.513257E-05    0.899815E+03    0.249219E+01    0.285150E+03    0.894062E+00
    0.939600E+06    0.990462E-07    0.223176E-05    0.180746E-06    0.513261E-05    0.899815E+03    0.249219E+01    0.285150E+03    0.894062E+00
    0.943200E+06    0.990193E-07    0.223175E-05    0.180734E-06    0.513263E-05    0.899815E+03    0.249219E+01    0.285150E+03    0.894062E+00
    0.946800E+06    0.989927E-07    0.223174E-05    0.180722E-06    0.513264E-05    0.899815E+03    0.249219E+01    0.285150E+03    0.894062E+00
    0.950400E+06    0.989658E-07    0.223174E-05    0.180711E-06    0.513265E-05    0.899815E+03    0.249219E+01    0.285150E+03    0.894062E+00
    0.954000E+06    0.989393E-07    0.223173E-05    0.180699E-06    0.513265E-05    0.899815E+03    0.249219E+01    0.285150E+03    0.894062E+00
    0.957600E+06    0.989130E-07    0.223173E-05    0.180687E-06    0.513265E-05    0.899815E+03    0.249219E+01    0.285150E+03    0.894062E+00
    0.961200E+06    0.988871E-07    0.223173E-05    0.180674E-06    0.513264E-05    0.899815E+03    0.249219E+01    0.285150E+03    0.894062E+00
    0.964800E+06    0.988611E-07    0.223173E-05    0.180662E-06    0.513263E-05    0.899815E+03    0.249219E+01    0.285150E+03    0.894062E+00
    0.968400E+06    0.988361E-07    0.223169E-05    0.180651E-06    0.513270E-05    0.899815E+03    0.249219E+01    0.285150E+03    0.894062E+00
    0.972000E+06    0.988333E-07    0.223166E-05    0.180652E-06    0.513270E-05    0.899815E+03    0.249219E+01    0.285150E+03    0.894062E+00
    0.975600E+06    0.989290E-07    0.223169E-05    0.180703E-06    0.513263E-05    0.899815E+03    0.249219E+01    0.285150E+03    0.894062E+00
    0.979200E+06    0.990690E-07    0.223174E-05    0.180768E-06    0.513250E-05    0.899815E+03    0.249219E+01    0.285150E+03    0.894062E+00
    0.982800E+06    0.991714E-07    0.223177E-05    0.180810E-06    0.513245E-05    0.899815E+03    0.249219E+01    0.285150E+03    0.894062E+00
    0.986400E+06    0.992324E-07    0.223179E-05    0.180833E-06    0.513245E-05    0.899815E+03    0.249219E+01    0.285150E+03    0.894062E+00
    0.990000E+06    0.992669E-07    0.223179E-05    0.180844E-06    0.513247E-05    0.899815E+03    0.249219E+01    0.285150E+03    0.894062E+00
    0.993600E+06    0.992861E-07    0.223180E-05    0.180851E-06    0.513250E-05    0.899815E+03    0.249219E+01    0.285150E+03    0.894062E+00
    0.997200E+06    0.992968E-07    0.223181E-05    0.180855E-06    0.513253E-05    0.899815E+03    0.249219E+01    0.285150E+03    0.894062E+00
    0.100080E+07    0.993026E-07    0.223182E-05    0.180856E-06    0.513256E-05    0.899815E+03    0.249219E+01    0.285150E+03    0.894062E+00
    0.100440E+07    0.993051E-07    0.223182E-05    0.180857E-06    0.513258E-05    0.899815E+03    0.249219E+01    0.285150E+03    0.894062E+00
    0.100800E+07    0.993046E-07    0.223181E-05    0.180856E-06    0.513258E-05    0.899815E+03    0.249219E+01    0.285150E+03    0.894062E+00
    0.101160E+07    0.992999E-07    0.223179E-05    0.180854E-06    0.513255E-05    0.899815E+03    0.249219E+01    0.285150E+03    0.894062E+00
    0.101520E+07    0.992872E-07    0.223177E-05    0.180847E-06    0.513253E-05    0.899815E+03    0.249219E+01    0.285150E+03    0.894062E+00
    0.101880E+07    0.992638E-07    0.223175E-05    0.180835E-06    0.513253E-05    0.899815E+03    0.249219E+01    0.285150E+03    0.894062E+00
    0.102240E+07    0.992363E-07    0.223176E-05    0.180823E-06    0.513257E-05    0.899815E+03    0.249219E+01    0.285150E+03    0.894062E+00
    0.102600E+07    0.992085E-07    0.223176E-05    0.180811E-06    0.513260E-05    0.899815E+03    0.249219E+01    0.285150E+03    0.894062E+00
    0.102960E+07    0.991807E-07    0.223175E-05    0.180798E-06    0.513262E-05    0.899815E+03    0.249219E+01    0.285150E+03    0.894062E+00
    0.103320E+07    0.991531E-07    0.223174E-05    0.180786E-06    0.513264E-05    0.899815E+03    0.249219E+01    0.285150E+03    0.894062E+00
    0.103680E+07    0.991254E-07    0.223174E-05    0.180774E-06    0.513264E-05    0.899815E+03    0.249219E+01    0.285150E+03    0.894062E+00
    0.104040E+07    0.990979E-07    0.223173E-05    0.180763E-06    0.513264E-05    0.899815E+03    0.249219E+01    0.285150E+03    0.894062E+00
    0.104400E+07    0.990704E-07    0.223173E-05    0.180751E-06    0.513264E-05    0.899815E+03    0.249219E+01    0.285150E+03    0.894062E+00
    0.104760E+07    0.990433E-07    0.223173E-05    0.180739E-06    0.513263E-05    0.899815E+03    0.249219E+01    0.285150E+03    0.894062E+00
    0.105120E+07    0.990168E-07    0.223173E-05    0.180726E-06    0.513262E-05    0.899815E+03    0.249219E+01    0.285150E+03    0.894062E+00
    0.105480E+07    0.989908E-07    0.223169E-05    0.180714E-06    0.513269E-05    0.899815E+03    0.249219E+01    0.285150E+03    0.894062E+00
    0.105840E+07    0.989870E-07    0.223166E-05    0.180715E-06    0.513270E-05    0.899815E+03    0.249219E+01    0.285150E+03    0.894062E+00
    0.106200E+07    0.990814E-07    0.223169E-05    0.180765E-06    0.513263E-05    0.899815E+03    0.249219E+01    0.285150E+03    0.894062E+00
    0.106560E+07    0.992205E-07    0.223174E-05    0.180830E-06    0.513250E-05    0.899815E+03    0.249219E+01    0.285150E+03    0.894062E+00
    0.106920E+07    0.993217E-07    0.223177E-05    0.180872E-06    0.513245E-05    0.899815E+03    0.249219E+01    0.285150E+03    0.894062E+00
    0.107280E+07    0.993812E-07    0.223179E-05    0.180895E-06    0.513245E-05    0.899815E+03    0.249219E+01    0.285150E+03    0.894062E+00
    0.107640E+07    0.994143E-07    0.223179E-05    0.180907E-06    0.513247E-05    0.899815E+03    0.249219E+01    0.285150E+03    0.894062E+00
    0.108000E+07    0.994323E-07    0.223180E-05    0.180914E-06    0.513250E-05    0.899815E+03    0.249219E+01    0.285150E+03    0.894062E+00
    0.108360E+07    0.994416E-07    0.223181E-05    0.180919E-06    0.513253E-05    0.899815E+03    0.249219E+01    0.285150E+03    0.894062E+00
    0.108720E+07    0.994461E-07    0.223182E-05    0.180920E-06    0.513256E-05    0.899815E+03    0.249219E+01    0.285150E+03    0.894062E+00
    0.109080E+07    0.994476E-07    0.223182E-05    0.180920E-06    0.513258E-05    0.899815E+03    0.249219E+01    0.285150E+03    0.894062E+00
    0.109440E+07    0.994458E-07    0.223181E-05    0.180920E-06    0.513257E-05    0.899815E+03    0.249219E+01    0.285150E+03    0.894062E+00
    0.109800E+07    0.994401E-07    0.223178E-05    0.180917E-06    0.513255E-05    0.899815E+03    0.249219E+01    0.285150E+03    0.894062E+00
    0.110160E+07    0.994268E-07    0.223177E-05    0.180910E-06    0.513252E-05    0.899815E+03    0.249219E+01    0.285150E+03    0.894062E+00
    0.110520E+07    0.994024E-07    0.223175E-05    0.180898E-06    0.513253E-05    0.899815E+03    0.249219E+01    0.285150E+03    0.894062E+00
    0.110880E+07    0.993740E-07    0.223176E-05    0.180886E-06    0.513257E-05    0.899815E+03    0.249219E+01    0.285150E+03    0.894062E+00
    0.111240E+07    0.993456E-07    0.223176E-05    0.180873E-06    0.513260E-05    0.899815E+03    0.249219E+01    0.285150E+03    0.894062E+00
    0.111600E+07    0.993174E-07    0.223175E-05    0.180859E-06    0.513262E-05    0.899815E+03    0.249219E+01    0.285150E+03    0.894062E+00
    0.111960E+07    0.992889E-07    0.223175E-05    0.180847E-06    0.513263E-05    0.899815E+03    0.249219E+01    0.285150E+03    0.894062E+00
    0.112320E+07    0.992602E-07    0.223174E-05    0.180836E-06    0.513264E-05    0.899815E+03    0.249219E+01    0.285150E+03    0.894062E+00
    0.112680E+07    0.992318E-07    0.223173E-05    0.180824E-06    0.513264E-05    0.899815E+03    0.249219E+01    0.285150E+03    0.894062E+00
    0.113040E+07    0.992039E-07    0.223173E-05    0.180811E-06    0.513263E-05    0.899815E+03    0.249219E+01    0.285150E+03    0.894062E+00
    0.113400E+07    0.991762E-07    0.223173E-05    0.180799E-06    0.513263E-05    0.899815E+03    0.249219E+01    0.285150E+03    0.894062E+00
    0.113760E+07    0.991484E-07    0.223173E-05    0.180787E-06    0.513261E-05    0.899815E+03    0.249219E+01    0.285150E+03    0.894062E+00
    0.114120E+07    0.991216E-07    0.223170E-05    0.180775E-06    0.513268E-05    0.899815E+03    0.249219E+01    0.285150E+03    0.894062E+00
    0.114480E+07    0.991168E-07    0.223166E-05    0.180775E-06    0.513269E-05    0.899815E+03    0.249219E+01    0.285150E+03    0.894062E+00
    0.114840E+07    0.992097E-07    0.223169E-05    0.180826E-06    0.513263E-05    0.899815E+03    0.249219E+01    0.285150E+03    0.894062E+00
    0.115200E+07    0.993476E-07    0.223174E-05    0.180891E-06    0.513250E-05    0.899815E+03    0.249219E+01    0.285150E+03    0.894062E+00
    0.115560E+07    0.994478E-07    0.223177E-05    0.180933E-06    0.513245E-05    0.899815E+03    0.249219E+01    0.285150E+03    0.894062E+00
    0.115920E+07    0.995067E-07    0.223179E-05    0.180955E-06    0.513245E-05    0.899815E+03    0.249219E+01    0.285150E+03    0.894062E+00
    0.116280E+07    0.995392E-07    0.223179E-05    0.180966E-06    0.513247E-05    0.899815E+03    0.249219E+01    0.285150E+03    0.894062E+00
    0.116640E+07    0.995565E-07    0.223180E-05    0.180973E-06    0.513250E-05    0.899815E+03    0.249219E+01    0.285150E+03    0.894062E+00
    0.117000E+07    0.995650E-07    0.223181E-05    0.180976E-06    0.513253E-05    0.899815E+03    0.249219E+01    0.285150E+03    0.894062E+00
    0.117360E+07    0.995688E-07    0.223182E-05    0.180977E-06    0.513256E-05    0.899815E+03    0.249219E+01    0.285150E+03    0.894062E+00
    0.117720E+07    0.995695E-07    0.223182E-05    0.180976E-06    0.513258E-05    0.899815E+03    0.249219E+01    0.285150E+03    0.894062E+00
    0.118080E+07    0.995676E-07    0.223181E-05    0.180973E-06    0.513257E-05    0.899815E+03    0.249219E+01    0.285150E+03    0.894062E+00
    0.118440E+07    0.995613E-07    0.223178E-05    0.180970E-06    0.513255E-05    0.899815E+03    0.249219E+01    0.285150E+03    0.894062E+00
    0.118800E+07    0.995473E-07    0.223176E-05    0.180963E-06    0.513252E-05    0.899815E+03    0.249219E+01    0.285150E+03    0.894062E+00
    0.119160E+07    0.995225E-07    0.223175E-05    0.180950E-06    0.513253E-05    0.899815E+03    0.249219E+01    0.285150E+03    0.894062E+00
    0.119520E+07    0.994934E-07    0.223176E-05    0.180938E-06    0.513257E-05    0.899815E+03    0.249219E+01    0.285150E+03    0.894062E+00
    0.119880E+07    0.994643E-07    0.223176E-05    0.180924E-06    0.513260E-05    0.899815E+03    0.249219E+01    0.285150E+03    0.894062E+00
    0.120240E+07    0.994354E-07    0.223175E-05    0.180911E-06    0.513262E-05    0.899815E+03    0.249219E+01    0.285150E+03    0.894062E+00
    0.120600E+07    0.994063E-07    0.223175E-05    0.180898E-06    0.513263E-05    0.899815E+03    0.249219E+01    0.285150E+03    0.894062E+00
    0.120960E+07    0.993774E-07    0.223174E-05    0.180885E-06    0.513264E-05    0.899815E+03    0.249219E+01    0.285150E+03    0.894062E+00
