    0.000000E+00    0.636433E+01
    0.360000E+04    0.449037E+01
    0.720000E+04    0.457498E+01
    0.108000E+05    0.467170E+01
    0.144000E+05    0.478377E+01
    0.180000E+05    0.503067E+01
    0.216000E+05    0.595233E+01
    0.252000E+05    0.583390E+01
    0.288000E+05    0.530571E+01
    0.324000E+05    0.514274E+01
    0.360000E+05    0.517595E+01
    0.396000E+05    0.514042E+01
    0.432000E+05    0.505937E+01
    0.468000E+05    0.496826E+01
    0.504000E+05    0.488671E+01
    0.540000E+05    0.483646E+01
    0.576000E+05    0.485250E+01
    0.612000E+05    0.499560E+01
    0.648000E+05    0.528600E+01
    0.684000E+05    0.548215E+01
    0.720000E+05    0.521216E+01
    0.756000E+05    0.506670E+01
    0.792000E+05    0.502143E+01
    0.828000E+05    0.501156E+01
    0.864000E+05    0.501557E+01
    0.900000E+05    0.502588E+01
    0.936000E+05    0.503988E+01
    0.972000E+05    0.505689E+01
    0.100800E+06    0.507645E+01
    0.104400E+06    0.546230E+01
    0.108000E+06    0.600432E+01
    0.111600E+06    0.579165E+01
    0.115200E+06    0.561946E+01
    0.118800E+06    0.552054E+01
    0.122400E+06    0.540133E+01
    0.126000E+06    0.526181E+01
    0.129600E+06    0.512046E+01
    0.133200E+06    0.498852E+01
    0.136800E+06    0.487816E+01
    0.140400E+06    0.481084E+01
    0.144000E+06    0.482362E+01
    0.147600E+06    0.498515E+01
    0.151200E+06    0.530846E+01
    0.154800E+06    0.550264E+01
    0.158400E+06    0.521321E+01
    0.162000E+06    0.506740E+01
    0.165600E+06    0.502036E+01
    0.169200E+06    0.501192E+01
    0.172800E+06    0.502089E+01
    0.176400E+06    0.503866E+01
    0.180000E+06    0.506191E+01
    0.183600E+06    0.508918E+01
    0.187200E+06    0.511967E+01
    0.190800E+06    0.556333E+01
    0.194400E+06    0.610724E+01
    0.198000E+06    0.589069E+01
    0.201600E+06    0.569623E+01
    0.205200E+06    0.557134E+01
    0.208800E+06    0.543142E+01
    0.212400E+06    0.527158E+01
    0.216000E+06    0.510858E+01
    0.219600E+06    0.495777E+01
    0.223200E+06    0.483566E+01
    0.226800E+06    0.476517E+01
    0.230400E+06    0.478241E+01
    0.234000E+06    0.496090E+01
    0.237600E+06    0.531697E+01
    0.241200E+06    0.551308E+01
    0.244800E+06    0.521100E+01
    0.248400E+06    0.507300E+01
    0.252000E+06    0.502852E+01
    0.255600E+06    0.502329E+01
    0.259200E+06    0.503799E+01
    0.262800E+06    0.506376E+01
    0.266400E+06    0.509651E+01
    0.270000E+06    0.513410E+01
    0.273600E+06    0.517497E+01
    0.277200E+06    0.566039E+01
    0.280800E+06    0.620468E+01
    0.284400E+06    0.597802E+01
    0.288000E+06    0.575755E+01
    0.291600E+06    0.560925E+01
    0.295200E+06    0.545329E+01
    0.298800E+06    0.527952E+01
    0.302400E+06    0.510313E+01
    0.306000E+06    0.494300E+01
    0.309600E+06    0.481859E+01
    0.313200E+06    0.475241E+01
    0.316800E+06    0.477843E+01
    0.320400E+06    0.497148E+01
    0.324000E+06    0.534130E+01
    0.327600E+06    0.553018E+01
    0.331200E+06    0.521603E+01
    0.334800E+06    0.508777E+01
    0.338400E+06    0.504820E+01
    0.342000E+06    0.504738E+01
    0.345600E+06    0.506802E+01
    0.349200E+06    0.510147E+01
    0.352800E+06    0.514277E+01
    0.356400E+06    0.518907E+01
    0.360000E+06    0.523804E+01
    0.363600E+06    0.575091E+01
    0.367200E+06    0.629777E+01
    0.370800E+06    0.605887E+01
    0.374400E+06    0.581448E+01
    0.378000E+06    0.564783E+01
    0.381600E+06    0.548126E+01
    0.385200E+06    0.529997E+01
    0.388800E+06    0.511679E+01
    0.392400E+06    0.495256E+01
    0.396000E+06    0.482899E+01
    0.399600E+06    0.476826E+01
    0.403200E+06    0.480334E+01
    0.406800E+06    0.500783E+01
    0.410400E+06    0.537620E+01
    0.414000E+06    0.555218E+01
    0.417600E+06    0.522646E+01
    0.421200E+06    0.510733E+01
    0.424800E+06    0.507313E+01
    0.428400E+06    0.507699E+01
    0.432000E+06    0.510321E+01
    0.435600E+06    0.514306E+01
    0.439200E+06    0.519114E+01
    0.442800E+06    0.524392E+01
    0.446400E+06    0.529837E+01
    0.450000E+06    0.582867E+01
    0.453600E+06    0.638287E+01
    0.457200E+06    0.613088E+01
    0.460800E+06    0.586610E+01
    0.464400E+06    0.568508E+01
    0.468000E+06    0.551141E+01
    0.471600E+06    0.532627E+01
    0.475200E+06    0.513968E+01
    0.478800E+06    0.497347E+01
    0.482400E+06    0.485125E+01
    0.486000E+06    0.479534E+01
    0.489600E+06    0.483826E+01
    0.493200E+06    0.505104E+01
    0.496800E+06    0.541177E+01
    0.500400E+06    0.557477E+01
    0.504000E+06    0.523898E+01
    0.507600E+06    0.512730E+01
    0.511200E+06    0.509822E+01
    0.514800E+06    0.510635E+01
    0.518400E+06    0.513709E+01
    0.522000E+06    0.518192E+01
    0.525600E+06    0.523496E+01
    0.529200E+06    0.529204E+01
    0.532800E+06    0.534986E+01
    0.536400E+06    0.589096E+01
    0.540000E+06    0.645685E+01
    0.543600E+06    0.619223E+01
    0.547200E+06    0.590982E+01
    0.550800E+06    0.571776E+01
    0.554400E+06    0.553888E+01
    0.558000E+06    0.535146E+01
    0.561600E+06    0.516288E+01
    0.565200E+06    0.499550E+01
    0.568800E+06    0.487452E+01
    0.572400E+06    0.482279E+01
    0.576000E+06    0.487238E+01
    0.579600E+06    0.509091E+01
    0.583200E+06    0.544319E+01
    0.586800E+06    0.559537E+01
    0.590400E+06    0.525139E+01
    0.594000E+06    0.514536E+01
    0.597600E+06    0.512038E+01
    0.601200E+06    0.513200E+01
    0.604800E+06    0.516630E+01
    0.608400E+06    0.521479E+01
    0.612000E+06    0.527126E+01
    0.615600E+06    0.533114E+01
    0.619200E+06    0.539089E+01
    0.622800E+06    0.593875E+01
    0.626400E+06    0.651823E+01
    0.630000E+06    0.624275E+01
    0.633600E+06    0.594630E+01
    0.637200E+06    0.574468E+01
    0.640800E+06    0.556161E+01
    0.644400E+06    0.537239E+01
    0.648000E+06    0.518226E+01
    0.651600E+06    0.501388E+01
    0.655200E+06    0.489401E+01
    0.658800E+06    0.484578E+01
    0.662400E+06    0.490169E+01
    0.666000E+06    0.512345E+01
    0.669600E+06    0.546861E+01
    0.673200E+06    0.561270E+01
    0.676800E+06    0.526227E+01
    0.680400E+06    0.516032E+01
    0.684000E+06    0.513859E+01
    0.687600E+06    0.515288E+01
    0.691200E+06    0.518975E+01
    0.694800E+06    0.524083E+01
    0.698400E+06    0.529959E+01
    0.702000E+06    0.536113E+01
    0.705600E+06    0.542201E+01
    0.709200E+06    0.597446E+01
    0.712800E+06    0.656711E+01
    0.716400E+06    0.628278E+01
    0.720000E+06    0.597501E+01
    0.723600E+06    0.576570E+01
    0.727200E+06    0.557900E+01
    0.730800E+06    0.538800E+01
    0.734400E+06    0.519625E+01
    0.738000E+06    0.502693E+01
    0.741600E+06    0.490806E+01
    0.745200E+06    0.486293E+01
    0.748800E+06    0.492261E+01
    0.752400E+06    0.514827E+01
    0.756000E+06    0.548830E+01
    0.759600E+06    0.562657E+01
    0.763200E+06    0.527111E+01
    0.766800E+06    0.517195E+01
    0.770400E+06    0.515256E+01
    0.774000E+06    0.516891E+01
    0.777600E+06    0.520767E+01
    0.781200E+06    0.526049E+01
    0.784800E+06    0.532066E+01
    0.788400E+06    0.538331E+01
    0.792000E+06    0.544482E+01
    0.795600E+06    0.600071E+01
    0.799200E+06    0.660483E+01
    0.802800E+06    0.631424E+01
    0.806400E+06    0.599709E+01
    0.810000E+06    0.578156E+01
    0.813600E+06    0.559166E+01
    0.817200E+06    0.539878E+01
    0.820800E+06    0.520530E+01
    0.824400E+06    0.503504E+01
    0.828000E+06    0.491710E+01
    0.831600E+06    0.487470E+01
    0.835200E+06    0.493909E+01
    0.838800E+06    0.516631E+01
    0.842400E+06    0.550310E+01
    0.846000E+06    0.563731E+01
    0.849600E+06    0.527794E+01
    0.853200E+06    0.518065E+01
    0.856800E+06    0.516289E+01
    0.860400E+06    0.518061E+01
    0.864000E+06    0.522060E+01
    0.867600E+06    0.527463E+01
    0.871200E+06    0.533584E+01
    0.874800E+06    0.539913E+01
    0.878400E+06    0.546096E+01
    0.882000E+06    0.601978E+01
    0.885600E+06    0.663331E+01
    0.889200E+06    0.633843E+01
    0.892800E+06    0.601353E+01
    0.896400E+06    0.579316E+01
    0.900000E+06    0.560043E+01
    0.903600E+06    0.540561E+01
    0.907200E+06    0.521031E+01
    0.910800E+06    0.503913E+01
    0.914400E+06    0.492213E+01
    0.918000E+06    0.488218E+01
    0.921600E+06    0.494978E+01
    0.925200E+06    0.517910E+01
    0.928800E+06    0.551393E+01
    0.932400E+06    0.564539E+01
    0.936000E+06    0.528288E+01
    0.939600E+06    0.518681E+01
    0.943200E+06    0.517022E+01
    0.946800E+06    0.518889E+01
    0.950400E+06    0.522979E+01
    0.954000E+06    0.528446E+01
    0.957600E+06    0.534633E+01
    0.961200E+06    0.541008E+01
    0.964800E+06    0.547204E+01
    0.968400E+06    0.603358E+01
    0.972000E+06    0.665445E+01
    0.975600E+06    0.635720E+01
    0.979200E+06    0.602667E+01
    0.982800E+06    0.580161E+01
    0.986400E+06    0.560635E+01
    0.990000E+06    0.540963E+01
    0.993600E+06    0.521250E+01
    0.997200E+06    0.504042E+01
    0.100080E+07    0.492429E+01
    0.100440E+07    0.488655E+01
    0.100800E+07    0.495689E+01
    0.101160E+07    0.518804E+01
    0.101520E+07    0.552188E+01
    0.101880E+07    0.565144E+01
    0.102240E+07    0.528631E+01
    0.102600E+07    0.519095E+01
    0.102960E+07    0.517508E+01
    0.103320E+07    0.519444E+01
    0.103680E+07    0.523588E+01
    0.104040E+07    0.529112E+01
    0.104400E+07    0.535330E+01
    0.104760E+07    0.541733E+01
    0.105120E+07    0.547950E+01
    0.105480E+07    0.604352E+01
    0.105840E+07    0.667016E+01
    0.106200E+07    0.637156E+01
    0.106560E+07    0.603606E+01
    0.106920E+07    0.580777E+01
    0.107280E+07    0.561032E+01
    0.107640E+07    0.541180E+01
    0.108000E+07    0.521290E+01
    0.108360E+07    0.504004E+01
    0.108720E+07    0.492471E+01
    0.109080E+07    0.488892E+01
    0.109440E+07    0.496121E+01
    0.109800E+07    0.519438E+01
    0.110160E+07    0.552775E+01
    0.110520E+07    0.565595E+01
    0.110880E+07    0.528857E+01
    0.111240E+07    0.519364E+01
    0.111600E+07    0.517832E+01
    0.111960E+07    0.519804E+01
    0.112320E+07    0.523984E+01
    0.112680E+07    0.529546E+01
    0.113040E+07    0.535789E+01
    0.113400E+07    0.542202E+01
    0.113760E+07    0.548427E+01
    0.114120E+07    0.605082E+01
    0.114480E+07    0.668179E+01
    0.114840E+07    0.638303E+01
    0.115200E+07    0.604372E+01
    0.115560E+07    0.581243E+01
    0.115920E+07    0.561310E+01
    0.116280E+07    0.541296E+01
    0.116640E+07    0.521246E+01
    0.117000E+07    0.503885E+01
    0.117360E+07    0.492425E+01
    0.117720E+07    0.489016E+01
    0.118080E+07    0.496530E+01
    0.118440E+07    0.519898E+01
    0.118800E+07    0.553214E+01
    0.119160E+07    0.565930E+01
    0.119520E+07    0.528998E+01
    0.119880E+07    0.519523E+01
    0.120240E+07    0.518024E+01
    0.120600E+07    0.520021E+01
    0.120960E+07    0.524227E+01
