 Time    DRAD001001  DRAD001002  WRAD001001  WRAD001002  NP001001    NP001002    Temp   relhum 
    0.000000E+00    0.969944E-07    0.223179E-05    0.176577E-06    0.513030E-05    0.899815E+03    0.249219E+01    0.285150E+03    0.894062E+00
    0.360000E+04    0.943459E-07    0.223167E-05    0.178589E-06    0.513310E-05    0.899815E+03    0.249219E+01    0.285150E+03    0.894062E+00
    0.720000E+04    0.942758E-07    0.223164E-05    0.178773E-06    0.513307E-05    0.899815E+03    0.249219E+01    0.285150E+03    0.894062E+00
    0.108000E+05    0.942678E-07    0.223162E-05    0.178802E-06    0.513305E-05    0.899815E+03    0.249219E+01    0.285150E+03    0.894062E+00
    0.144000E+05    0.942665E-07    0.223159E-05    0.178805E-06    0.513304E-05    0.899815E+03    0.249219E+01    0.285150E+03    0.894062E+00
    0.180000E+05    0.942658E-07    0.223155E-05    0.178806E-06    0.513305E-05    0.899815E+03    0.249219E+01    0.285150E+03    0.894062E+00
    0.216000E+05    0.942745E-07    0.223132E-05    0.178811E-06    0.513339E-05    0.899815E+03    0.249219E+01    0.285150E+03    0.894062E+00
    0.252000E+05    0.943456E-07    0.223137E-05    0.178862E-06    0.513321E-05    0.899815E+03    0.249219E+01    0.285150E+03    0.894062E+00
    0.288000E+05    0.944779E-07    0.223151E-05    0.178948E-06    0.513284E-05    0.899815E+03    0.249219E+01    0.285150E+03    0.894062E+00
    0.324000E+05    0.945787E-07    0.223160E-05    0.178982E-06    0.513261E-05    0.899815E+03    0.249219E+01    0.285150E+03    0.894062E+00
    0.360000E+05    0.946540E-07    0.223163E-05    0.179007E-06    0.513252E-05    0.899815E+03    0.249219E+01    0.285150E+03    0.894062E+00
    0.396000E+05    0.947123E-07    0.223165E-05    0.179026E-06    0.513250E-05    0.899815E+03    0.249219E+01    0.285150E+03    0.894062E+00
    0.432000E+05    0.947610E-07    0.223166E-05    0.179042E-06    0.513251E-05    0.899815E+03    0.249219E+01    0.285150E+03    0.894062E+00
    0.468000E+05    0.948039E-07    0.223167E-05    0.179057E-06    0.513253E-05    0.899815E+03    0.249219E+01    0.285150E+03    0.894062E+00
    0.504000E+05    0.948434E-07    0.223168E-05    0.179070E-06    0.513255E-05    0.899815E+03    0.249219E+01    0.285150E+03    0.894062E+00
    0.540000E+05    0.948799E-07    0.223169E-05    0.179082E-06    0.513257E-05    0.899815E+03    0.249219E+01    0.285150E+03    0.894062E+00
    0.576000E+05    0.949122E-07    0.223169E-05    0.179093E-06    0.513257E-05    0.899815E+03    0.249219E+01    0.285150E+03    0.894062E+00
    0.612000E+05    0.949373E-07    0.223168E-05    0.179099E-06    0.513255E-05    0.899815E+03    0.249219E+01    0.285150E+03    0.894062E+00
    0.648000E+05    0.949507E-07    0.223165E-05    0.179102E-06    0.513252E-05    0.899815E+03    0.249219E+01    0.285150E+03    0.894062E+00
    0.684000E+05    0.949516E-07    0.223164E-05    0.179101E-06    0.513253E-05    0.899815E+03    0.249219E+01    0.285150E+03    0.894062E+00
    0.720000E+05    0.949480E-07    0.223163E-05    0.179100E-06    0.513260E-05    0.899815E+03    0.249219E+01    0.285150E+03    0.894062E+00
    0.756000E+05    0.949444E-07    0.223162E-05    0.179098E-06    0.513267E-05    0.899815E+03    0.249219E+01    0.285150E+03    0.894062E+00
    0.792000E+05    0.949408E-07    0.223161E-05    0.179095E-06    0.513272E-05    0.899815E+03    0.249219E+01    0.285150E+03    0.894062E+00
    0.828000E+05    0.949368E-07    0.223159E-05    0.179093E-06    0.513277E-05    0.899815E+03    0.249219E+01    0.285150E+03    0.894062E+00
    0.864000E+05    0.949327E-07    0.223157E-05    0.179093E-06    0.513281E-05    0.899815E+03    0.249219E+01    0.285150E+03    0.894062E+00
    0.900000E+05    0.949286E-07    0.223156E-05    0.179092E-06    0.513285E-05    0.899815E+03    0.249219E+01    0.285150E+03    0.894062E+00
    0.936000E+05    0.949249E-07    0.223154E-05    0.179089E-06    0.513289E-05    0.899815E+03    0.249219E+01    0.285150E+03    0.894062E+00
    0.972000E+05    0.949210E-07    0.223153E-05    0.179088E-06    0.513292E-05    0.899815E+03    0.249219E+01    0.285150E+03    0.894062E+00
    0.100800E+06    0.949170E-07    0.223151E-05    0.179087E-06    0.513295E-05    0.899815E+03    0.249219E+01    0.285150E+03    0.894062E+00
    0.104400E+06    0.949135E-07    0.223150E-05    0.179086E-06    0.513294E-05    0.899815E+03    0.249219E+01    0.285150E+03    0.894062E+00
    0.108000E+06    0.949337E-07    0.223152E-05    0.179097E-06    0.513285E-05    0.899815E+03    0.249219E+01    0.285150E+03    0.894062E+00
    0.111600E+06    0.950480E-07    0.223158E-05    0.179151E-06    0.513271E-05    0.899815E+03    0.249219E+01    0.285150E+03    0.894062E+00
    0.115200E+06    0.952097E-07    0.223166E-05    0.179214E-06    0.513254E-05    0.899815E+03    0.249219E+01    0.285150E+03    0.894062E+00
    0.118800E+06    0.953433E-07    0.223170E-05    0.179257E-06    0.513248E-05    0.899815E+03    0.249219E+01    0.285150E+03    0.894062E+00
    0.122400E+06    0.954376E-07    0.223171E-05    0.179283E-06    0.513248E-05    0.899815E+03    0.249219E+01    0.285150E+03    0.894062E+00
    0.126000E+06    0.955038E-07    0.223173E-05    0.179306E-06    0.513250E-05    0.899815E+03    0.249219E+01    0.285150E+03    0.894062E+00
    0.129600E+06    0.955531E-07    0.223174E-05    0.179325E-06    0.513252E-05    0.899815E+03    0.249219E+01    0.285150E+03    0.894062E+00
    0.133200E+06    0.955935E-07    0.223175E-05    0.179340E-06    0.513255E-05    0.899815E+03    0.249219E+01    0.285150E+03    0.894062E+00
    0.136800E+06    0.956285E-07    0.223176E-05    0.179353E-06    0.513258E-05    0.899815E+03    0.249219E+01    0.285150E+03    0.894062E+00
    0.140400E+06    0.956597E-07    0.223177E-05    0.179365E-06    0.513260E-05    0.899815E+03    0.249219E+01    0.285150E+03    0.894062E+00
    0.144000E+06    0.956860E-07    0.223176E-05    0.179376E-06    0.513261E-05    0.899815E+03    0.249219E+01    0.285150E+03    0.894062E+00
    0.147600E+06    0.957054E-07    0.223174E-05    0.179383E-06    0.513258E-05    0.899815E+03    0.249219E+01    0.285150E+03    0.894062E+00
    0.151200E+06    0.957142E-07    0.223172E-05    0.179385E-06    0.513254E-05    0.899815E+03    0.249219E+01    0.285150E+03    0.894062E+00
    0.154800E+06    0.957107E-07    0.223170E-05    0.179382E-06    0.513254E-05    0.899815E+03    0.249219E+01    0.285150E+03    0.894062E+00
    0.158400E+06    0.957030E-07    0.223169E-05    0.179378E-06    0.513262E-05    0.899815E+03    0.249219E+01    0.285150E+03    0.894062E+00
    0.162000E+06    0.956950E-07    0.223169E-05    0.179374E-06    0.513268E-05    0.899815E+03    0.249219E+01    0.285150E+03    0.894062E+00
    0.165600E+06    0.956866E-07    0.223167E-05    0.179371E-06    0.513274E-05    0.899815E+03    0.249219E+01    0.285150E+03    0.894062E+00
    0.169200E+06    0.956784E-07    0.223165E-05    0.179368E-06    0.513278E-05    0.899815E+03    0.249219E+01    0.285150E+03    0.894062E+00
    0.172800E+06    0.956704E-07    0.223164E-05    0.179363E-06    0.513282E-05    0.899815E+03    0.249219E+01    0.285150E+03    0.894062E+00
    0.176400E+06    0.956623E-07    0.223162E-05    0.179359E-06    0.513285E-05    0.899815E+03    0.249219E+01    0.285150E+03    0.894062E+00
    0.180000E+06    0.956542E-07    0.223160E-05    0.179356E-06    0.513288E-05    0.899815E+03    0.249219E+01    0.285150E+03    0.894062E+00
    0.183600E+06    0.956460E-07    0.223159E-05    0.179352E-06    0.513290E-05    0.899815E+03    0.249219E+01    0.285150E+03    0.894062E+00
    0.187200E+06    0.956380E-07    0.223158E-05    0.179348E-06    0.513292E-05    0.899815E+03    0.249219E+01    0.285150E+03    0.894062E+00
    0.190800E+06    0.956303E-07    0.223156E-05    0.179346E-06    0.513293E-05    0.899815E+03    0.249219E+01    0.285150E+03    0.894062E+00
    0.194400E+06    0.956466E-07    0.223157E-05    0.179355E-06    0.513282E-05    0.899815E+03    0.249219E+01    0.285150E+03    0.894062E+00
    0.198000E+06    0.957590E-07    0.223163E-05    0.179409E-06    0.513269E-05    0.899815E+03    0.249219E+01    0.285150E+03    0.894062E+00
    0.201600E+06    0.959171E-07    0.223170E-05    0.179479E-06    0.513254E-05    0.899815E+03    0.249219E+01    0.285150E+03    0.894062E+00
    0.205200E+06    0.960444E-07    0.223174E-05    0.179529E-06    0.513249E-05    0.899815E+03    0.249219E+01    0.285150E+03    0.894062E+00
    0.208800E+06    0.961313E-07    0.223175E-05    0.179562E-06    0.513249E-05    0.899815E+03    0.249219E+01    0.285150E+03    0.894062E+00
    0.212400E+06    0.961907E-07    0.223176E-05    0.179583E-06    0.513251E-05    0.899815E+03    0.249219E+01    0.285150E+03    0.894062E+00
    0.216000E+06    0.962341E-07    0.223178E-05    0.179599E-06    0.513254E-05    0.899815E+03    0.249219E+01    0.285150E+03    0.894062E+00
    0.219600E+06    0.962685E-07    0.223179E-05    0.179613E-06    0.513257E-05    0.899815E+03    0.249219E+01    0.285150E+03    0.894062E+00
    0.223200E+06    0.962979E-07    0.223180E-05    0.179624E-06    0.513260E-05    0.899815E+03    0.249219E+01    0.285150E+03    0.894062E+00
    0.226800E+06    0.963234E-07    0.223181E-05    0.179634E-06    0.513263E-05    0.899815E+03    0.249219E+01    0.285150E+03    0.894062E+00
    0.230400E+06    0.963445E-07    0.223180E-05    0.179643E-06    0.513263E-05    0.899815E+03    0.249219E+01    0.285150E+03    0.894062E+00
    0.234000E+06    0.963595E-07    0.223178E-05    0.179647E-06    0.513260E-05    0.899815E+03    0.249219E+01    0.285150E+03    0.894062E+00
    0.237600E+06    0.963641E-07    0.223175E-05    0.179648E-06    0.513255E-05    0.899815E+03    0.249219E+01    0.285150E+03    0.894062E+00
    0.241200E+06    0.963569E-07    0.223173E-05    0.179643E-06    0.513255E-05    0.899815E+03    0.249219E+01    0.285150E+03    0.894062E+00
    0.244800E+06    0.963452E-07    0.223173E-05    0.179638E-06    0.513263E-05    0.899815E+03    0.249219E+01    0.285150E+03    0.894062E+00
    0.248400E+06    0.963334E-07    0.223172E-05    0.179633E-06    0.513269E-05    0.899815E+03    0.249219E+01    0.285150E+03    0.894062E+00
    0.252000E+06    0.963213E-07    0.223170E-05    0.179629E-06    0.513273E-05    0.899815E+03    0.249219E+01    0.285150E+03    0.894062E+00
    0.255600E+06    0.963094E-07    0.223169E-05    0.179624E-06    0.513277E-05    0.899815E+03    0.249219E+01    0.285150E+03    0.894062E+00
    0.259200E+06    0.962975E-07    0.223167E-05    0.179619E-06    0.513280E-05    0.899815E+03    0.249219E+01    0.285150E+03    0.894062E+00
    0.262800E+06    0.962857E-07    0.223166E-05    0.179613E-06    0.513283E-05    0.899815E+03    0.249219E+01    0.285150E+03    0.894062E+00
    0.266400E+06    0.962737E-07    0.223164E-05    0.179609E-06    0.513285E-05    0.899815E+03    0.249219E+01    0.285150E+03    0.894062E+00
    0.270000E+06    0.962622E-07    0.223163E-05    0.179603E-06    0.513287E-05    0.899815E+03    0.249219E+01    0.285150E+03    0.894062E+00
    0.273600E+06    0.962507E-07    0.223162E-05    0.179598E-06    0.513288E-05    0.899815E+03    0.249219E+01    0.285150E+03    0.894062E+00
    0.277200E+06    0.962398E-07    0.223159E-05    0.179593E-06    0.513291E-05    0.899815E+03    0.249219E+01    0.285150E+03    0.894062E+00
    0.280800E+06    0.962529E-07    0.223160E-05    0.179600E-06    0.513280E-05    0.899815E+03    0.249219E+01    0.285150E+03    0.894062E+00
    0.284400E+06    0.963632E-07    0.223166E-05    0.179655E-06    0.513268E-05    0.899815E+03    0.249219E+01    0.285150E+03    0.894062E+00
    0.288000E+06    0.965183E-07    0.223172E-05    0.179724E-06    0.513253E-05    0.899815E+03    0.249219E+01    0.285150E+03    0.894062E+00
    0.291600E+06    0.966405E-07    0.223176E-05    0.179772E-06    0.513248E-05    0.899815E+03    0.249219E+01    0.285150E+03    0.894062E+00
    0.295200E+06    0.967220E-07    0.223177E-05    0.179802E-06    0.513249E-05    0.899815E+03    0.249219E+01    0.285150E+03    0.894062E+00
    0.298800E+06    0.967760E-07    0.223178E-05    0.179822E-06    0.513251E-05    0.899815E+03    0.249219E+01    0.285150E+03    0.894062E+00
    0.302400E+06    0.968143E-07    0.223179E-05    0.179836E-06    0.513254E-05    0.899815E+03    0.249219E+01    0.285150E+03    0.894062E+00
    0.306000E+06    0.968440E-07    0.223181E-05    0.179848E-06    0.513257E-05    0.899815E+03    0.249219E+01    0.285150E+03    0.894062E+00
    0.309600E+06    0.968688E-07    0.223182E-05    0.179857E-06    0.513261E-05    0.899815E+03    0.249219E+01    0.285150E+03    0.894062E+00
    0.313200E+06    0.968900E-07    0.223182E-05    0.179865E-06    0.513264E-05    0.899815E+03    0.249219E+01    0.285150E+03    0.894062E+00
    0.316800E+06    0.969067E-07    0.223182E-05    0.179872E-06    0.513264E-05    0.899815E+03    0.249219E+01    0.285150E+03    0.894062E+00
    0.320400E+06    0.969178E-07    0.223179E-05    0.179875E-06    0.513260E-05    0.899815E+03    0.249219E+01    0.285150E+03    0.894062E+00
    0.324000E+06    0.969189E-07    0.223176E-05    0.179875E-06    0.513255E-05    0.899815E+03    0.249219E+01    0.285150E+03    0.894062E+00
    0.327600E+06    0.969085E-07    0.223174E-05    0.179869E-06    0.513256E-05    0.899815E+03    0.249219E+01    0.285150E+03    0.894062E+00
    0.331200E+06    0.968939E-07    0.223174E-05    0.179862E-06    0.513262E-05    0.899815E+03    0.249219E+01    0.285150E+03    0.894062E+00
    0.334800E+06    0.968791E-07    0.223174E-05    0.179855E-06    0.513268E-05    0.899815E+03    0.249219E+01    0.285150E+03    0.894062E+00
    0.338400E+06    0.968644E-07    0.223172E-05    0.179848E-06    0.513272E-05    0.899815E+03    0.249219E+01    0.285150E+03    0.894062E+00
    0.342000E+06    0.968493E-07    0.223171E-05    0.179842E-06    0.513275E-05    0.899815E+03    0.249219E+01    0.285150E+03    0.894062E+00
    0.345600E+06    0.968344E-07    0.223169E-05    0.179836E-06    0.513278E-05    0.899815E+03    0.249219E+01    0.285150E+03    0.894062E+00
    0.349200E+06    0.968195E-07    0.223168E-05    0.179829E-06    0.513280E-05    0.899815E+03    0.249219E+01    0.285150E+03    0.894062E+00
    0.352800E+06    0.968048E-07    0.223167E-05    0.179823E-06    0.513282E-05    0.899815E+03    0.249219E+01    0.285150E+03    0.894062E+00
    0.356400E+06    0.967903E-07    0.223166E-05    0.179816E-06    0.513282E-05    0.899815E+03    0.249219E+01    0.285150E+03    0.894062E+00
    0.360000E+06    0.967759E-07    0.223165E-05    0.179809E-06    0.513283E-05    0.899815E+03    0.249219E+01    0.285150E+03    0.894062E+00
    0.363600E+06    0.967621E-07    0.223162E-05    0.179803E-06    0.513287E-05    0.899815E+03    0.249219E+01    0.285150E+03    0.894062E+00
    0.367200E+06    0.967721E-07    0.223162E-05    0.179809E-06    0.513278E-05    0.899815E+03    0.249219E+01    0.285150E+03    0.894062E+00
    0.370800E+06    0.968804E-07    0.223167E-05    0.179863E-06    0.513267E-05    0.899815E+03    0.249219E+01    0.285150E+03    0.894062E+00
    0.374400E+06    0.970328E-07    0.223174E-05    0.179931E-06    0.513253E-05    0.899815E+03    0.249219E+01    0.285150E+03    0.894062E+00
    0.378000E+06    0.971506E-07    0.223177E-05    0.179978E-06    0.513248E-05    0.899815E+03    0.249219E+01    0.285150E+03    0.894062E+00
    0.381600E+06    0.972273E-07    0.223178E-05    0.180007E-06    0.513248E-05    0.899815E+03    0.249219E+01    0.285150E+03    0.894062E+00
    0.385200E+06    0.972774E-07    0.223179E-05    0.180025E-06    0.513250E-05    0.899815E+03    0.249219E+01    0.285150E+03    0.894062E+00
    0.388800E+06    0.973116E-07    0.223180E-05    0.180038E-06    0.513253E-05    0.899815E+03    0.249219E+01    0.285150E+03    0.894062E+00
    0.392400E+06    0.973374E-07    0.223181E-05    0.180047E-06    0.513257E-05    0.899815E+03    0.249219E+01    0.285150E+03    0.894062E+00
    0.396000E+06    0.973582E-07    0.223183E-05    0.180056E-06    0.513261E-05    0.899815E+03    0.249219E+01    0.285150E+03    0.894062E+00
    0.399600E+06    0.973750E-07    0.223183E-05    0.180063E-06    0.513263E-05    0.899815E+03    0.249219E+01    0.285150E+03    0.894062E+00
    0.403200E+06    0.973879E-07    0.223182E-05    0.180070E-06    0.513263E-05    0.899815E+03    0.249219E+01    0.285150E+03    0.894062E+00
    0.406800E+06    0.973954E-07    0.223180E-05    0.180073E-06    0.513259E-05    0.899815E+03    0.249219E+01    0.285150E+03    0.894062E+00
    0.410400E+06    0.973936E-07    0.223177E-05    0.180071E-06    0.513255E-05    0.899815E+03    0.249219E+01    0.285150E+03    0.894062E+00
    0.414000E+06    0.973803E-07    0.223175E-05    0.180064E-06    0.513255E-05    0.899815E+03    0.249219E+01    0.285150E+03    0.894062E+00
    0.417600E+06    0.973627E-07    0.223175E-05    0.180058E-06    0.513262E-05    0.899815E+03    0.249219E+01    0.285150E+03    0.894062E+00
    0.421200E+06    0.973453E-07    0.223175E-05    0.180050E-06    0.513266E-05    0.899815E+03    0.249219E+01    0.285150E+03    0.894062E+00
    0.424800E+06    0.973278E-07    0.223173E-05    0.180042E-06    0.513270E-05    0.899815E+03    0.249219E+01    0.285150E+03    0.894062E+00
    0.428400E+06    0.973102E-07    0.223172E-05    0.180034E-06    0.513273E-05    0.899815E+03    0.249219E+01    0.285150E+03    0.894062E+00
    0.432000E+06    0.972927E-07    0.223171E-05    0.180027E-06    0.513275E-05    0.899815E+03    0.249219E+01    0.285150E+03    0.894062E+00
    0.435600E+06    0.972755E-07    0.223169E-05    0.180019E-06    0.513277E-05    0.899815E+03    0.249219E+01    0.285150E+03    0.894062E+00
    0.439200E+06    0.972582E-07    0.223168E-05    0.180011E-06    0.513278E-05    0.899815E+03    0.249219E+01    0.285150E+03    0.894062E+00
    0.442800E+06    0.972408E-07    0.223168E-05    0.180004E-06    0.513278E-05    0.899815E+03    0.249219E+01    0.285150E+03    0.894062E+00
    0.446400E+06    0.972235E-07    0.223167E-05    0.179997E-06    0.513278E-05    0.899815E+03    0.249219E+01    0.285150E+03    0.894062E+00
    0.450000E+06    0.972075E-07    0.223164E-05    0.179989E-06    0.513283E-05    0.899815E+03    0.249219E+01    0.285150E+03    0.894062E+00
    0.453600E+06    0.972148E-07    0.223163E-05    0.179994E-06    0.513277E-05    0.899815E+03    0.249219E+01    0.285150E+03    0.894062E+00
    0.457200E+06    0.973212E-07    0.223168E-05    0.180047E-06    0.513266E-05    0.899815E+03    0.249219E+01    0.285150E+03    0.894062E+00
    0.460800E+06    0.974716E-07    0.223174E-05    0.180114E-06    0.513252E-05    0.899815E+03    0.249219E+01    0.285150E+03    0.894062E+00
    0.464400E+06    0.975858E-07    0.223177E-05    0.180160E-06    0.513247E-05    0.899815E+03    0.249219E+01    0.285150E+03    0.894062E+00
    0.468000E+06    0.976588E-07    0.223179E-05    0.180188E-06    0.513248E-05    0.899815E+03    0.249219E+01    0.285150E+03    0.894062E+00
    0.471600E+06    0.977049E-07    0.223180E-05    0.180205E-06    0.513250E-05    0.899815E+03    0.249219E+01    0.285150E+03    0.894062E+00
    0.475200E+06    0.977361E-07    0.223181E-05    0.180215E-06    0.513253E-05    0.899815E+03    0.249219E+01    0.285150E+03    0.894062E+00
    0.478800E+06    0.977585E-07    0.223182E-05    0.180224E-06    0.513256E-05    0.899815E+03    0.249219E+01    0.285150E+03    0.894062E+00
    0.482400E+06    0.977759E-07    0.223183E-05    0.180231E-06    0.513260E-05    0.899815E+03    0.249219E+01    0.285150E+03    0.894062E+00
    0.486000E+06    0.977899E-07    0.223183E-05    0.180236E-06    0.513262E-05    0.899815E+03    0.249219E+01    0.285150E+03    0.894062E+00
    0.489600E+06    0.978004E-07    0.223182E-05    0.180239E-06    0.513261E-05    0.899815E+03    0.249219E+01    0.285150E+03    0.894062E+00
    0.493200E+06    0.978057E-07    0.223180E-05    0.180240E-06    0.513258E-05    0.899815E+03    0.249219E+01    0.285150E+03    0.894062E+00
    0.496800E+06    0.978015E-07    0.223177E-05    0.180237E-06    0.513254E-05    0.899815E+03    0.249219E+01    0.285150E+03    0.894062E+00
    0.500400E+06    0.977861E-07    0.223175E-05    0.180230E-06    0.513255E-05    0.899815E+03    0.249219E+01    0.285150E+03    0.894062E+00
    0.504000E+06    0.977666E-07    0.223176E-05    0.180221E-06    0.513261E-05    0.899815E+03    0.249219E+01    0.285150E+03    0.894062E+00
    0.507600E+06    0.977469E-07    0.223175E-05    0.180212E-06    0.513265E-05    0.899815E+03    0.249219E+01    0.285150E+03    0.894062E+00
    0.511200E+06    0.977269E-07    0.223174E-05    0.180204E-06    0.513268E-05    0.899815E+03    0.249219E+01    0.285150E+03    0.894062E+00
    0.514800E+06    0.977072E-07    0.223173E-05    0.180195E-06    0.513271E-05    0.899815E+03    0.249219E+01    0.285150E+03    0.894062E+00
    0.518400E+06    0.976876E-07    0.223172E-05    0.180186E-06    0.513272E-05    0.899815E+03    0.249219E+01    0.285150E+03    0.894062E+00
    0.522000E+06    0.976679E-07    0.223171E-05    0.180178E-06    0.513274E-05    0.899815E+03    0.249219E+01    0.285150E+03    0.894062E+00
    0.525600E+06    0.976482E-07    0.223170E-05    0.180170E-06    0.513274E-05    0.899815E+03    0.249219E+01    0.285150E+03    0.894062E+00
    0.529200E+06    0.976288E-07    0.223169E-05    0.180161E-06    0.513274E-05    0.899815E+03    0.249219E+01    0.285150E+03    0.894062E+00
    0.532800E+06    0.976092E-07    0.223169E-05    0.180154E-06    0.513273E-05    0.899815E+03    0.249219E+01    0.285150E+03    0.894062E+00
    0.536400E+06    0.975905E-07    0.223165E-05    0.180146E-06    0.513280E-05    0.899815E+03    0.249219E+01    0.285150E+03    0.894062E+00
    0.540000E+06    0.975956E-07    0.223164E-05    0.180150E-06    0.513275E-05    0.899815E+03    0.249219E+01    0.285150E+03    0.894062E+00
    0.543600E+06    0.977002E-07    0.223168E-05    0.180203E-06    0.513265E-05    0.899815E+03    0.249219E+01    0.285150E+03    0.894062E+00
    0.547200E+06    0.978481E-07    0.223174E-05    0.180270E-06    0.513251E-05    0.899815E+03    0.249219E+01    0.285150E+03    0.894062E+00
    0.550800E+06    0.979593E-07    0.223178E-05    0.180315E-06    0.513247E-05    0.899815E+03    0.249219E+01    0.285150E+03    0.894062E+00
    0.554400E+06    0.980292E-07    0.223179E-05    0.180342E-06    0.513247E-05    0.899815E+03    0.249219E+01    0.285150E+03    0.894062E+00
    0.558000E+06    0.980723E-07    0.223180E-05    0.180358E-06    0.513249E-05    0.899815E+03    0.249219E+01    0.285150E+03    0.894062E+00
    0.561600E+06    0.981004E-07    0.223181E-05    0.180368E-06    0.513252E-05    0.899815E+03    0.249219E+01    0.285150E+03    0.894062E+00
    0.565200E+06    0.981202E-07    0.223182E-05    0.180375E-06    0.513255E-05    0.899815E+03    0.249219E+01    0.285150E+03    0.894062E+00
    0.568800E+06    0.981350E-07    0.223183E-05    0.180380E-06    0.513259E-05    0.899815E+03    0.249219E+01    0.285150E+03    0.894062E+00
    0.572400E+06    0.981461E-07    0.223183E-05    0.180384E-06    0.513261E-05    0.899815E+03    0.249219E+01    0.285150E+03    0.894062E+00
    0.576000E+06    0.981540E-07    0.223182E-05    0.180387E-06    0.513260E-05    0.899815E+03    0.249219E+01    0.285150E+03    0.894062E+00
    0.579600E+06    0.981565E-07    0.223179E-05    0.180387E-06    0.513257E-05    0.899815E+03    0.249219E+01    0.285150E+03    0.894062E+00
    0.583200E+06    0.981506E-07    0.223177E-05    0.180383E-06    0.513254E-05    0.899815E+03    0.249219E+01    0.285150E+03    0.894062E+00
    0.586800E+06    0.981334E-07    0.223176E-05    0.180374E-06    0.513255E-05    0.899815E+03    0.249219E+01    0.285150E+03    0.894062E+00
    0.590400E+06    0.981118E-07    0.223176E-05    0.180365E-06    0.513260E-05    0.899815E+03    0.249219E+01    0.285150E+03    0.894062E+00
    0.594000E+06    0.980901E-07    0.223176E-05    0.180355E-06    0.513264E-05    0.899815E+03    0.249219E+01    0.285150E+03    0.894062E+00
    0.597600E+06    0.980684E-07    0.223175E-05    0.180346E-06    0.513267E-05    0.899815E+03    0.249219E+01    0.285150E+03    0.894062E+00
    0.601200E+06    0.980465E-07    0.223173E-05    0.180337E-06    0.513269E-05    0.899815E+03    0.249219E+01    0.285150E+03    0.894062E+00
    0.604800E+06    0.980249E-07    0.223172E-05    0.180328E-06    0.513270E-05    0.899815E+03    0.249219E+01    0.285150E+03    0.894062E+00
    0.608400E+06    0.980033E-07    0.223171E-05    0.180319E-06    0.513271E-05    0.899815E+03    0.249219E+01    0.285150E+03    0.894062E+00
    0.612000E+06    0.979821E-07    0.223171E-05    0.180309E-06    0.513271E-05    0.899815E+03    0.249219E+01    0.285150E+03    0.894062E+00
    0.615600E+06    0.979611E-07    0.223170E-05    0.180299E-06    0.513271E-05    0.899815E+03    0.249219E+01    0.285150E+03    0.894062E+00
    0.619200E+06    0.979400E-07    0.223170E-05    0.180290E-06    0.513270E-05    0.899815E+03    0.249219E+01    0.285150E+03    0.894062E+00
    0.622800E+06    0.979198E-07    0.223167E-05    0.180281E-06    0.513277E-05    0.899815E+03    0.249219E+01    0.285150E+03    0.894062E+00
    0.626400E+06    0.979228E-07    0.223165E-05    0.180284E-06    0.513274E-05    0.899815E+03    0.249219E+01    0.285150E+03    0.894062E+00
    0.630000E+06    0.980252E-07    0.223169E-05    0.180337E-06    0.513264E-05    0.899815E+03    0.249219E+01    0.285150E+03    0.894062E+00
    0.633600E+06    0.981713E-07    0.223175E-05    0.180404E-06    0.513251E-05    0.899815E+03    0.249219E+01    0.285150E+03    0.894062E+00
    0.637200E+06    0.982802E-07    0.223178E-05    0.180448E-06    0.513246E-05    0.899815E+03    0.249219E+01    0.285150E+03    0.894062E+00
    0.640800E+06    0.983475E-07    0.223179E-05    0.180473E-06    0.513247E-05    0.899815E+03    0.249219E+01    0.285150E+03    0.894062E+00
    0.644400E+06    0.983881E-07    0.223180E-05    0.180488E-06    0.513249E-05    0.899815E+03    0.249219E+01    0.285150E+03    0.894062E+00
    0.648000E+06    0.984137E-07    0.223181E-05    0.180497E-06    0.513251E-05    0.899815E+03    0.249219E+01    0.285150E+03    0.894062E+00
    0.651600E+06    0.984308E-07    0.223182E-05    0.180504E-06    0.513255E-05    0.899815E+03    0.249219E+01    0.285150E+03    0.894062E+00
    0.655200E+06    0.984432E-07    0.223182E-05    0.180508E-06    0.513258E-05    0.899815E+03    0.249219E+01    0.285150E+03    0.894062E+00
    0.658800E+06    0.984522E-07    0.223183E-05    0.180511E-06    0.513260E-05    0.899815E+03    0.249219E+01    0.285150E+03    0.894062E+00
    0.662400E+06    0.984579E-07    0.223182E-05    0.180512E-06    0.513259E-05    0.899815E+03    0.249219E+01    0.285150E+03    0.894062E+00
    0.666000E+06    0.984586E-07    0.223179E-05    0.180512E-06    0.513256E-05    0.899815E+03    0.249219E+01    0.285150E+03    0.894062E+00
    0.669600E+06    0.984508E-07    0.223177E-05    0.180507E-06    0.513253E-05    0.899815E+03    0.249219E+01    0.285150E+03    0.894062E+00
    0.673200E+06    0.984317E-07    0.223176E-05    0.180498E-06    0.513254E-05    0.899815E+03    0.249219E+01    0.285150E+03    0.894062E+00
    0.676800E+06    0.984083E-07    0.223176E-05    0.180489E-06    0.513259E-05    0.899815E+03    0.249219E+01    0.285150E+03    0.894062E+00
    0.680400E+06    0.983850E-07    0.223176E-05    0.180479E-06    0.513263E-05    0.899815E+03    0.249219E+01    0.285150E+03    0.894062E+00
    0.684000E+06    0.983618E-07    0.223175E-05    0.180468E-06    0.513265E-05    0.899815E+03    0.249219E+01    0.285150E+03    0.894062E+00
    0.687600E+06    0.983384E-07    0.223174E-05    0.180458E-06    0.513267E-05    0.899815E+03    0.249219E+01    0.285150E+03    0.894062E+00
    0.691200E+06    0.983153E-07    0.223173E-05    0.180448E-06    0.513268E-05    0.899815E+03    0.249219E+01    0.285150E+03    0.894062E+00
    0.694800E+06    0.982925E-07    0.223172E-05    0.180437E-06    0.513269E-05    0.899815E+03    0.249219E+01    0.285150E+03    0.894062E+00
    0.698400E+06    0.982696E-07    0.223171E-05    0.180427E-06    0.513269E-05    0.899815E+03    0.249219E+01    0.285150E+03    0.894062E+00
    0.702000E+06    0.982469E-07    0.223171E-05    0.180417E-06    0.513268E-05    0.899815E+03    0.249219E+01    0.285150E+03    0.894062E+00
    0.705600E+06    0.982242E-07    0.223171E-05    0.180407E-06    0.513267E-05    0.899815E+03    0.249219E+01    0.285150E+03    0.894062E+00
    0.709200E+06    0.982023E-07    0.223168E-05    0.180398E-06    0.513274E-05    0.899815E+03    0.249219E+01    0.285150E+03    0.894062E+00
    0.712800E+06    0.982036E-07    0.223165E-05    0.180400E-06    0.513272E-05    0.899815E+03    0.249219E+01    0.285150E+03    0.894062E+00
    0.716400E+06    0.983044E-07    0.223169E-05    0.180451E-06    0.513264E-05    0.899815E+03    0.249219E+01    0.285150E+03    0.894062E+00
    0.720000E+06    0.984491E-07    0.223175E-05    0.180517E-06    0.513250E-05    0.899815E+03    0.249219E+01    0.285150E+03    0.894062E+00
    0.723600E+06    0.985561E-07    0.223178E-05    0.180560E-06    0.513246E-05    0.899815E+03    0.249219E+01    0.285150E+03    0.894062E+00
    0.727200E+06    0.986215E-07    0.223179E-05    0.180584E-06    0.513246E-05    0.899815E+03    0.249219E+01    0.285150E+03    0.894062E+00
    0.730800E+06    0.986601E-07    0.223180E-05    0.180598E-06    0.513248E-05    0.899815E+03    0.249219E+01    0.285150E+03    0.894062E+00
    0.734400E+06    0.986834E-07    0.223180E-05    0.180607E-06    0.513251E-05    0.899815E+03    0.249219E+01    0.285150E+03    0.894062E+00
    0.738000E+06    0.986984E-07    0.223181E-05    0.180613E-06    0.513254E-05    0.899815E+03    0.249219E+01    0.285150E+03    0.894062E+00
    0.741600E+06    0.987086E-07    0.223182E-05    0.180617E-06    0.513257E-05    0.899815E+03    0.249219E+01    0.285150E+03    0.894062E+00
    0.745200E+06    0.987154E-07    0.223182E-05    0.180620E-06    0.513259E-05    0.899815E+03    0.249219E+01    0.285150E+03    0.894062E+00
    0.748800E+06    0.987190E-07    0.223181E-05    0.180621E-06    0.513259E-05    0.899815E+03    0.249219E+01    0.285150E+03    0.894062E+00
    0.752400E+06    0.987180E-07    0.223179E-05    0.180620E-06    0.513256E-05    0.899815E+03    0.249219E+01    0.285150E+03    0.894062E+00
    0.756000E+06    0.987084E-07    0.223177E-05    0.180615E-06    0.513253E-05    0.899815E+03    0.249219E+01    0.285150E+03    0.894062E+00
    0.759600E+06    0.986879E-07    0.223176E-05    0.180606E-06    0.513254E-05    0.899815E+03    0.249219E+01    0.285150E+03    0.894062E+00
    0.763200E+06    0.986633E-07    0.223176E-05    0.180595E-06    0.513258E-05    0.899815E+03    0.249219E+01    0.285150E+03    0.894062E+00
    0.766800E+06    0.986385E-07    0.223176E-05    0.180584E-06    0.513262E-05    0.899815E+03    0.249219E+01    0.285150E+03    0.894062E+00
    0.770400E+06    0.986138E-07    0.223175E-05    0.180573E-06    0.513264E-05    0.899815E+03    0.249219E+01    0.285150E+03    0.894062E+00
    0.774000E+06    0.985893E-07    0.223174E-05    0.180562E-06    0.513266E-05    0.899815E+03    0.249219E+01    0.285150E+03    0.894062E+00
    0.777600E+06    0.985647E-07    0.223173E-05    0.180552E-06    0.513267E-05    0.899815E+03    0.249219E+01    0.285150E+03    0.894062E+00
    0.781200E+06    0.985406E-07    0.223172E-05    0.180540E-06    0.513267E-05    0.899815E+03    0.249219E+01    0.285150E+03    0.894062E+00
    0.784800E+06    0.985165E-07    0.223172E-05    0.180529E-06    0.513267E-05    0.899815E+03    0.249219E+01    0.285150E+03    0.894062E+00
    0.788400E+06    0.984925E-07    0.223172E-05    0.180518E-06    0.513266E-05    0.899815E+03    0.249219E+01    0.285150E+03    0.894062E+00
    0.792000E+06    0.984684E-07    0.223172E-05    0.180508E-06    0.513265E-05    0.899815E+03    0.249219E+01    0.285150E+03    0.894062E+00
    0.795600E+06    0.984453E-07    0.223168E-05    0.180498E-06    0.513272E-05    0.899815E+03    0.249219E+01    0.285150E+03    0.894062E+00
    0.799200E+06    0.984449E-07    0.223166E-05    0.180500E-06    0.513271E-05    0.899815E+03    0.249219E+01    0.285150E+03    0.894062E+00
    0.802800E+06    0.985437E-07    0.223169E-05    0.180551E-06    0.513263E-05    0.899815E+03    0.249219E+01    0.285150E+03    0.894062E+00
    0.806400E+06    0.986865E-07    0.223174E-05    0.180617E-06    0.513250E-05    0.899815E+03    0.249219E+01    0.285150E+03    0.894062E+00
    0.810000E+06    0.987919E-07    0.223177E-05    0.180659E-06    0.513246E-05    0.899815E+03    0.249219E+01    0.285150E+03    0.894062E+00
    0.813600E+06    0.988560E-07    0.223179E-05    0.180681E-06    0.513246E-05    0.899815E+03    0.249219E+01    0.285150E+03    0.894062E+00
    0.817200E+06    0.988931E-07    0.223180E-05    0.180694E-06    0.513248E-05    0.899815E+03    0.249219E+01    0.285150E+03    0.894062E+00
    0.820800E+06    0.989149E-07    0.223180E-05    0.180702E-06    0.513250E-05    0.899815E+03    0.249219E+01    0.285150E+03    0.894062E+00
    0.824400E+06    0.989282E-07    0.223181E-05    0.180708E-06    0.513254E-05    0.899815E+03    0.249219E+01    0.285150E+03    0.894062E+00
    0.828000E+06    0.989367E-07    0.223182E-05    0.180710E-06    0.513257E-05    0.899815E+03    0.249219E+01    0.285150E+03    0.894062E+00
    0.831600E+06    0.989419E-07    0.223182E-05    0.180712E-06    0.513259E-05    0.899815E+03    0.249219E+01    0.285150E+03    0.894062E+00
    0.835200E+06    0.989440E-07    0.223181E-05    0.180712E-06    0.513258E-05    0.899815E+03    0.249219E+01    0.285150E+03    0.894062E+00
    0.838800E+06    0.989416E-07    0.223179E-05    0.180710E-06    0.513255E-05    0.899815E+03    0.249219E+01    0.285150E+03    0.894062E+00
    0.842400E+06    0.989311E-07    0.223177E-05    0.180704E-06    0.513253E-05    0.899815E+03    0.249219E+01    0.285150E+03    0.894062E+00
    0.846000E+06    0.989095E-07    0.223176E-05    0.180694E-06    0.513254E-05    0.899815E+03    0.249219E+01    0.285150E+03    0.894062E+00
    0.849600E+06    0.988837E-07    0.223176E-05    0.180683E-06    0.513258E-05    0.899815E+03    0.249219E+01    0.285150E+03    0.894062E+00
    0.853200E+06    0.988577E-07    0.223176E-05    0.180672E-06    0.513261E-05    0.899815E+03    0.249219E+01    0.285150E+03    0.894062E+00
    0.856800E+06    0.988319E-07    0.223175E-05    0.180660E-06    0.513263E-05    0.899815E+03    0.249219E+01    0.285150E+03    0.894062E+00
    0.860400E+06    0.988060E-07    0.223174E-05    0.180649E-06    0.513265E-05    0.899815E+03    0.249219E+01    0.285150E+03    0.894062E+00
    0.864000E+06    0.987804E-07    0.223173E-05    0.180637E-06    0.513266E-05    0.899815E+03    0.249219E+01    0.285150E+03    0.894062E+00
    0.867600E+06    0.987548E-07    0.223173E-05    0.180626E-06    0.513266E-05    0.899815E+03    0.249219E+01    0.285150E+03    0.894062E+00
    0.871200E+06    0.987292E-07    0.223172E-05    0.180615E-06    0.513266E-05    0.899815E+03    0.249219E+01    0.285150E+03    0.894062E+00
    0.874800E+06    0.987038E-07    0.223172E-05    0.180605E-06    0.513265E-05    0.899815E+03    0.249219E+01    0.285150E+03    0.894062E+00
    0.878400E+06    0.986787E-07    0.223172E-05    0.180593E-06    0.513264E-05    0.899815E+03    0.249219E+01    0.285150E+03    0.894062E+00
    0.882000E+06    0.986545E-07    0.223169E-05    0.180583E-06    0.513271E-05    0.899815E+03    0.249219E+01    0.285150E+03    0.894062E+00
    0.885600E+06    0.986527E-07    0.223166E-05    0.180584E-06    0.513271E-05    0.899815E+03    0.249219E+01    0.285150E+03    0.894062E+00
    0.889200E+06    0.987500E-07    0.223169E-05    0.180636E-06    0.513263E-05    0.899815E+03    0.249219E+01    0.285150E+03    0.894062E+00
    0.892800E+06    0.988916E-07    0.223174E-05    0.180701E-06    0.513250E-05    0.899815E+03    0.249219E+01    0.285150E+03    0.894062E+00
    0.896400E+06    0.989953E-07    0.223177E-05    0.180743E-06    0.513245E-05    0.899815E+03    0.249219E+01    0.285150E+03    0.894062E+00
    0.900000E+06    0.990574E-07    0.223179E-05    0.180766E-06    0.513246E-05    0.899815E+03    0.249219E+01    0.285150E+03    0.894062E+00
    0.903600E+06    0.990930E-07    0.223179E-05    0.180778E-06    0.513247E-05    0.899815E+03    0.249219E+01    0.285150E+03    0.894062E+00
    0.907200E+06    0.991136E-07    0.223180E-05    0.180785E-06    0.513250E-05    0.899815E+03    0.249219E+01    0.285150E+03    0.894062E+00
    0.910800E+06    0.991258E-07    0.223181E-05    0.180788E-06    0.513253E-05    0.899815E+03    0.249219E+01    0.285150E+03    0.894062E+00
    0.914400E+06    0.991327E-07    0.223182E-05    0.180791E-06    0.513256E-05    0.899815E+03    0.249219E+01    0.285150E+03    0.894062E+00
    0.918000E+06    0.991363E-07    0.223182E-05    0.180792E-06    0.513258E-05    0.899815E+03    0.249219E+01    0.285150E+03    0.894062E+00
    0.921600E+06    0.991368E-07    0.223181E-05    0.180793E-06    0.513258E-05    0.899815E+03    0.249219E+01    0.285150E+03    0.894062E+00
    0.925200E+06    0.991332E-07    0.223179E-05    0.180790E-06    0.513255E-05    0.899815E+03    0.249219E+01    0.285150E+03    0.894062E+00
    0.928800E+06    0.991212E-07    0.223177E-05    0.180785E-06    0.513253E-05    0.899815E+03    0.249219E+01    0.285150E+03    0.894062E+00
    0.932400E+06    0.990985E-07    0.223175E-05    0.180774E-06    0.513254E-05    0.899815E+03    0.249219E+01    0.285150E+03    0.894062E+00
    0.936000E+06    0.990715E-07    0.223176E-05    0.180763E-06    0.513257E-05    0.899815E+03    0.249219E+01    0.285150E+03    0.894062E+00
    0.939600E+06    0.990443E-07    0.223176E-05    0.180752E-06    0.513261E-05    0.899815E+03    0.249219E+01    0.285150E+03    0.894062E+00
    0.943200E+06    0.990173E-07    0.223175E-05    0.180740E-06    0.513263E-05    0.899815E+03    0.249219E+01    0.285150E+03    0.894062E+00
    0.946800E+06    0.989904E-07    0.223174E-05    0.180729E-06    0.513264E-05    0.899815E+03    0.249219E+01    0.285150E+03    0.894062E+00
    0.950400E+06    0.989639E-07    0.223174E-05    0.180717E-06    0.513265E-05    0.899815E+03    0.249219E+01    0.285150E+03    0.894062E+00
    0.954000E+06    0.989373E-07    0.223173E-05    0.180705E-06    0.513265E-05    0.899815E+03    0.249219E+01    0.285150E+03    0.894062E+00
    0.957600E+06    0.989109E-07    0.223173E-05    0.180693E-06    0.513265E-05    0.899815E+03    0.249219E+01    0.285150E+03    0.894062E+00
    0.961200E+06    0.988848E-07    0.223173E-05    0.180681E-06    0.513264E-05    0.899815E+03    0.249219E+01    0.285150E+03    0.894062E+00
    0.964800E+06    0.988588E-07    0.223173E-05    0.180670E-06    0.513263E-05    0.899815E+03    0.249219E+01    0.285150E+03    0.894062E+00
    0.968400E+06    0.988333E-07    0.223169E-05    0.180659E-06    0.513270E-05    0.899815E+03    0.249219E+01    0.285150E+03    0.894062E+00
    0.972000E+06    0.988303E-07    0.223166E-05    0.180660E-06    0.513270E-05    0.899815E+03    0.249219E+01    0.285150E+03    0.894062E+00
    0.975600E+06    0.989260E-07    0.223169E-05    0.180711E-06    0.513263E-05    0.899815E+03    0.249219E+01    0.285150E+03    0.894062E+00
    0.979200E+06    0.990662E-07    0.223174E-05    0.180776E-06    0.513250E-05    0.899815E+03    0.249219E+01    0.285150E+03    0.894062E+00
    0.982800E+06    0.991687E-07    0.223177E-05    0.180818E-06    0.513245E-05    0.899815E+03    0.249219E+01    0.285150E+03    0.894062E+00
    0.986400E+06    0.992297E-07    0.223179E-05    0.180840E-06    0.513245E-05    0.899815E+03    0.249219E+01    0.285150E+03    0.894062E+00
    0.990000E+06    0.992641E-07    0.223179E-05    0.180852E-06    0.513247E-05    0.899815E+03    0.249219E+01    0.285150E+03    0.894062E+00
    0.993600E+06    0.992833E-07    0.223180E-05    0.180859E-06    0.513250E-05    0.899815E+03    0.249219E+01    0.285150E+03    0.894062E+00
    0.997200E+06    0.992941E-07    0.223181E-05    0.180863E-06    0.513253E-05    0.899815E+03    0.249219E+01    0.285150E+03    0.894062E+00
    0.100080E+07    0.992999E-07    0.223182E-05    0.180864E-06    0.513256E-05    0.899815E+03    0.249219E+01    0.285150E+03    0.894062E+00
    0.100440E+07    0.993023E-07    0.223182E-05    0.180865E-06    0.513258E-05    0.899815E+03    0.249219E+01    0.285150E+03    0.894062E+00
    0.100800E+07    0.993018E-07    0.223181E-05    0.180864E-06    0.513258E-05    0.899815E+03    0.249219E+01    0.285150E+03    0.894062E+00
    0.101160E+07    0.992971E-07    0.223179E-05    0.180862E-06    0.513255E-05    0.899815E+03    0.249219E+01    0.285150E+03    0.894062E+00
    0.101520E+07    0.992844E-07    0.223177E-05    0.180855E-06    0.513253E-05    0.899815E+03    0.249219E+01    0.285150E+03    0.894062E+00
    0.101880E+07    0.992610E-07    0.223175E-05    0.180844E-06    0.513253E-05    0.899815E+03    0.249219E+01    0.285150E+03    0.894062E+00
    0.102240E+07    0.992335E-07    0.223176E-05    0.180831E-06    0.513257E-05    0.899815E+03    0.249219E+01    0.285150E+03    0.894062E+00
    0.102600E+07    0.992056E-07    0.223176E-05    0.180819E-06    0.513260E-05    0.899815E+03    0.249219E+01    0.285150E+03    0.894062E+00
    0.102960E+07    0.991778E-07    0.223175E-05    0.180807E-06    0.513262E-05    0.899815E+03    0.249219E+01    0.285150E+03    0.894062E+00
    0.103320E+07    0.991502E-07    0.223174E-05    0.180794E-06    0.513264E-05    0.899815E+03    0.249219E+01    0.285150E+03    0.894062E+00
    0.103680E+07    0.991228E-07    0.223174E-05    0.180782E-06    0.513264E-05    0.899815E+03    0.249219E+01    0.285150E+03    0.894062E+00
    0.104040E+07    0.990955E-07    0.223173E-05    0.180769E-06    0.513264E-05    0.899815E+03    0.249219E+01    0.285150E+03    0.894062E+00
    0.104400E+07    0.990678E-07    0.223173E-05    0.180759E-06    0.513264E-05    0.899815E+03    0.249219E+01    0.285150E+03    0.894062E+00
    0.104760E+07    0.990404E-07    0.223173E-05    0.180747E-06    0.513263E-05    0.899815E+03    0.249219E+01    0.285150E+03    0.894062E+00
    0.105120E+07    0.990133E-07    0.223173E-05    0.180736E-06    0.513262E-05    0.899815E+03    0.249219E+01    0.285150E+03    0.894062E+00
    0.105480E+07    0.989871E-07    0.223169E-05    0.180725E-06    0.513269E-05    0.899815E+03    0.249219E+01    0.285150E+03    0.894062E+00
    0.105840E+07    0.989831E-07    0.223166E-05    0.180726E-06    0.513270E-05    0.899815E+03    0.249219E+01    0.285150E+03    0.894062E+00
    0.106200E+07    0.990776E-07    0.223169E-05    0.180776E-06    0.513263E-05    0.899815E+03    0.249219E+01    0.285150E+03    0.894062E+00
    0.106560E+07    0.992168E-07    0.223174E-05    0.180840E-06    0.513250E-05    0.899815E+03    0.249219E+01    0.285150E+03    0.894062E+00
    0.106920E+07    0.993185E-07    0.223177E-05    0.180881E-06    0.513245E-05    0.899815E+03    0.249219E+01    0.285150E+03    0.894062E+00
    0.107280E+07    0.993787E-07    0.223179E-05    0.180902E-06    0.513245E-05    0.899815E+03    0.249219E+01    0.285150E+03    0.894062E+00
    0.107640E+07    0.994119E-07    0.223179E-05    0.180914E-06    0.513247E-05    0.899815E+03    0.249219E+01    0.285150E+03    0.894062E+00
    0.108000E+07    0.994301E-07    0.223180E-05    0.180921E-06    0.513250E-05    0.899815E+03    0.249219E+01    0.285150E+03    0.894062E+00
    0.108360E+07    0.994399E-07    0.223181E-05    0.180924E-06    0.513253E-05    0.899815E+03    0.249219E+01    0.285150E+03    0.894062E+00
    0.108720E+07    0.994444E-07    0.223182E-05    0.180925E-06    0.513256E-05    0.899815E+03    0.249219E+01    0.285150E+03    0.894062E+00
    0.109080E+07    0.994458E-07    0.223182E-05    0.180925E-06    0.513258E-05    0.899815E+03    0.249219E+01    0.285150E+03    0.894062E+00
    0.109440E+07    0.994445E-07    0.223181E-05    0.180924E-06    0.513257E-05    0.899815E+03    0.249219E+01    0.285150E+03    0.894062E+00
    0.109800E+07    0.994387E-07    0.223178E-05    0.180921E-06    0.513255E-05    0.899815E+03    0.249219E+01    0.285150E+03    0.894062E+00
    0.110160E+07    0.994250E-07    0.223177E-05    0.180915E-06    0.513252E-05    0.899815E+03    0.249219E+01    0.285150E+03    0.894062E+00
    0.110520E+07    0.994006E-07    0.223175E-05    0.180904E-06    0.513253E-05    0.899815E+03    0.249219E+01    0.285150E+03    0.894062E+00
    0.110880E+07    0.993720E-07    0.223176E-05    0.180892E-06    0.513257E-05    0.899815E+03    0.249219E+01    0.285150E+03    0.894062E+00
    0.111240E+07    0.993432E-07    0.223176E-05    0.180880E-06    0.513260E-05    0.899815E+03    0.249219E+01    0.285150E+03    0.894062E+00
    0.111600E+07    0.993145E-07    0.223175E-05    0.180868E-06    0.513262E-05    0.899815E+03    0.249219E+01    0.285150E+03    0.894062E+00
    0.111960E+07    0.992860E-07    0.223175E-05    0.180855E-06    0.513263E-05    0.899815E+03    0.249219E+01    0.285150E+03    0.894062E+00
    0.112320E+07    0.992577E-07    0.223174E-05    0.180843E-06    0.513264E-05    0.899815E+03    0.249219E+01    0.285150E+03    0.894062E+00
    0.112680E+07    0.992297E-07    0.223173E-05    0.180830E-06    0.513264E-05    0.899815E+03    0.249219E+01    0.285150E+03    0.894062E+00
    0.113040E+07    0.992017E-07    0.223173E-05    0.180818E-06    0.513263E-05    0.899815E+03    0.249219E+01    0.285150E+03    0.894062E+00
    0.113400E+07    0.991743E-07    0.223173E-05    0.180804E-06    0.513263E-05    0.899815E+03    0.249219E+01    0.285150E+03    0.894062E+00
    0.113760E+07    0.991466E-07    0.223173E-05    0.180792E-06    0.513261E-05    0.899815E+03    0.249219E+01    0.285150E+03    0.894062E+00
    0.114120E+07    0.991197E-07    0.223170E-05    0.180781E-06    0.513268E-05    0.899815E+03    0.249219E+01    0.285150E+03    0.894062E+00
    0.114480E+07    0.991147E-07    0.223166E-05    0.180782E-06    0.513269E-05    0.899815E+03    0.249219E+01    0.285150E+03    0.894062E+00
    0.114840E+07    0.992078E-07    0.223169E-05    0.180832E-06    0.513263E-05    0.899815E+03    0.249219E+01    0.285150E+03    0.894062E+00
    0.115200E+07    0.993463E-07    0.223174E-05    0.180895E-06    0.513250E-05    0.899815E+03    0.249219E+01    0.285150E+03    0.894062E+00
    0.115560E+07    0.994469E-07    0.223177E-05    0.180935E-06    0.513245E-05    0.899815E+03    0.249219E+01    0.285150E+03    0.894062E+00
    0.115920E+07    0.995062E-07    0.223179E-05    0.180957E-06    0.513245E-05    0.899815E+03    0.249219E+01    0.285150E+03    0.894062E+00
    0.116280E+07    0.995388E-07    0.223179E-05    0.180968E-06    0.513247E-05    0.899815E+03    0.249219E+01    0.285150E+03    0.894062E+00
    0.116640E+07    0.995560E-07    0.223180E-05    0.180974E-06    0.513250E-05    0.899815E+03    0.249219E+01    0.285150E+03    0.894062E+00
    0.117000E+07    0.995644E-07    0.223181E-05    0.180978E-06    0.513253E-05    0.899815E+03    0.249219E+01    0.285150E+03    0.894062E+00
    0.117360E+07    0.995680E-07    0.223182E-05    0.180980E-06    0.513256E-05    0.899815E+03    0.249219E+01    0.285150E+03    0.894062E+00
    0.117720E+07    0.995685E-07    0.223182E-05    0.180979E-06    0.513258E-05    0.899815E+03    0.249219E+01    0.285150E+03    0.894062E+00
    0.118080E+07    0.995662E-07    0.223181E-05    0.180978E-06    0.513257E-05    0.899815E+03    0.249219E+01    0.285150E+03    0.894062E+00
    0.118440E+07    0.995600E-07    0.223178E-05    0.180974E-06    0.513254E-05    0.899815E+03    0.249219E+01    0.285150E+03    0.894062E+00
    0.118800E+07    0.995461E-07    0.223176E-05    0.180966E-06    0.513252E-05    0.899815E+03    0.249219E+01    0.285150E+03    0.894062E+00
    0.119160E+07    0.995214E-07    0.223175E-05    0.180954E-06    0.513253E-05    0.899815E+03    0.249219E+01    0.285150E+03    0.894062E+00
    0.119520E+07    0.994922E-07    0.223176E-05    0.180941E-06    0.513257E-05    0.899815E+03    0.249219E+01    0.285150E+03    0.894062E+00
    0.119880E+07    0.994630E-07    0.223176E-05    0.180928E-06    0.513260E-05    0.899815E+03    0.249219E+01    0.285150E+03    0.894062E+00
    0.120240E+07    0.994338E-07    0.223175E-05    0.180916E-06    0.513262E-05    0.899815E+03    0.249219E+01    0.285150E+03    0.894062E+00
    0.120600E+07    0.994048E-07    0.223175E-05    0.180903E-06    0.513263E-05    0.899815E+03    0.249219E+01    0.285150E+03    0.894062E+00
    0.120960E+07    0.993757E-07    0.223174E-05    0.180890E-06    0.513264E-05    0.899815E+03    0.249219E+01    0.285150E+03    0.894062E+00
