    0.000000E+00    0.000000E+00
    0.360000E+04    0.160895E-02
    0.720000E+04    0.158237E-02
    0.108000E+05    0.155792E-02
    0.144000E+05    0.153608E-02
    0.180000E+05    0.151807E-02
    0.216000E+05    0.208638E-02
    0.252000E+05    0.252832E-02
    0.288000E+05    0.328267E-02
    0.324000E+05    0.373308E-02
    0.360000E+05    0.386592E-02
    0.396000E+05    0.388933E-02
    0.432000E+05    0.388712E-02
    0.468000E+05    0.387980E-02
    0.504000E+05    0.387176E-02
    0.540000E+05    0.386348E-02
    0.576000E+05    0.385407E-02
    0.612000E+05    0.384071E-02
    0.648000E+05    0.381545E-02
    0.684000E+05    0.376672E-02
    0.720000E+05    0.369648E-02
    0.756000E+05    0.362236E-02
    0.792000E+05    0.354885E-02
    0.828000E+05    0.347657E-02
    0.864000E+05    0.340576E-02
    0.900000E+05    0.333656E-02
    0.936000E+05    0.326910E-02
    0.972000E+05    0.320354E-02
    0.100800E+06    0.313999E-02
    0.104400E+06    0.308048E-02
    0.108000E+06    0.309824E-02
    0.111600E+06    0.341211E-02
    0.115200E+06    0.372607E-02
    0.118800E+06    0.383320E-02
    0.122400E+06    0.385267E-02
    0.126000E+06    0.385057E-02
    0.129600E+06    0.384380E-02
    0.133200E+06    0.383621E-02
    0.136800E+06    0.382864E-02
    0.140400E+06    0.382099E-02
    0.144000E+06    0.381266E-02
    0.147600E+06    0.380124E-02
    0.151200E+06    0.377792E-02
    0.154800E+06    0.373015E-02
    0.158400E+06    0.366067E-02
    0.162000E+06    0.358737E-02
    0.165600E+06    0.351459E-02
    0.169200E+06    0.344301E-02
    0.172800E+06    0.337283E-02
    0.176400E+06    0.330420E-02
    0.180000E+06    0.323723E-02
    0.183600E+06    0.317206E-02
    0.187200E+06    0.310882E-02
    0.190800E+06    0.304946E-02
    0.194400E+06    0.306752E-02
    0.198000E+06    0.339690E-02
    0.201600E+06    0.371497E-02
    0.205200E+06    0.382066E-02
    0.208800E+06    0.384030E-02
    0.212400E+06    0.383848E-02
    0.216000E+06    0.383162E-02
    0.219600E+06    0.382357E-02
    0.223200E+06    0.381525E-02
    0.226800E+06    0.380688E-02
    0.230400E+06    0.379848E-02
    0.234000E+06    0.378836E-02
    0.237600E+06    0.376666E-02
    0.241200E+06    0.371925E-02
    0.244800E+06    0.364990E-02
    0.248400E+06    0.357691E-02
    0.252000E+06    0.350439E-02
    0.255600E+06    0.343303E-02
    0.259200E+06    0.336304E-02
    0.262800E+06    0.329456E-02
    0.266400E+06    0.322768E-02
    0.270000E+06    0.316254E-02
    0.273600E+06    0.309925E-02
    0.277200E+06    0.303967E-02
    0.280800E+06    0.305652E-02
    0.284400E+06    0.339717E-02
    0.288000E+06    0.371876E-02
    0.291600E+06    0.382365E-02
    0.295200E+06    0.384330E-02
    0.298800E+06    0.384128E-02
    0.302400E+06    0.383379E-02
    0.306000E+06    0.382472E-02
    0.309600E+06    0.381516E-02
    0.313200E+06    0.380567E-02
    0.316800E+06    0.379683E-02
    0.320400E+06    0.378756E-02
    0.324000E+06    0.376694E-02
    0.327600E+06    0.371947E-02
    0.331200E+06    0.364996E-02
    0.334800E+06    0.357704E-02
    0.338400E+06    0.350458E-02
    0.342000E+06    0.343324E-02
    0.345600E+06    0.336325E-02
    0.349200E+06    0.329474E-02
    0.352800E+06    0.322779E-02
    0.356400E+06    0.316253E-02
    0.360000E+06    0.309907E-02
    0.363600E+06    0.303915E-02
    0.367200E+06    0.305461E-02
    0.370800E+06    0.340382E-02
    0.374400E+06    0.372818E-02
    0.378000E+06    0.383241E-02
    0.381600E+06    0.385185E-02
    0.385200E+06    0.384940E-02
    0.388800E+06    0.384115E-02
    0.392400E+06    0.383104E-02
    0.396000E+06    0.382029E-02
    0.399600E+06    0.380973E-02
    0.403200E+06    0.380039E-02
    0.406800E+06    0.379158E-02
    0.410400E+06    0.377146E-02
    0.414000E+06    0.372371E-02
    0.417600E+06    0.365392E-02
    0.421200E+06    0.358098E-02
    0.424800E+06    0.350850E-02
    0.428400E+06    0.343710E-02
    0.432000E+06    0.336704E-02
    0.435600E+06    0.329843E-02
    0.439200E+06    0.323136E-02
    0.442800E+06    0.316593E-02
    0.446400E+06    0.310227E-02
    0.450000E+06    0.304203E-02
    0.453600E+06    0.305641E-02
    0.457200E+06    0.341192E-02
    0.460800E+06    0.373866E-02
    0.464400E+06    0.384221E-02
    0.468000E+06    0.386128E-02
    0.471600E+06    0.385836E-02
    0.475200E+06    0.384938E-02
    0.478800E+06    0.383834E-02
    0.482400E+06    0.382654E-02
    0.486000E+06    0.381507E-02
    0.489600E+06    0.380528E-02
    0.493200E+06    0.379672E-02
    0.496800E+06    0.377675E-02
    0.500400E+06    0.372867E-02
    0.504000E+06    0.365860E-02
    0.507600E+06    0.358560E-02
    0.511200E+06    0.351308E-02
    0.514800E+06    0.344162E-02
    0.518400E+06    0.337147E-02
    0.522000E+06    0.330275E-02
    0.525600E+06    0.323555E-02
    0.529200E+06    0.316997E-02
    0.532800E+06    0.310613E-02
    0.536400E+06    0.304563E-02
    0.540000E+06    0.305920E-02
    0.543600E+06    0.341918E-02
    0.547200E+06    0.374795E-02
    0.550800E+06    0.385101E-02
    0.554400E+06    0.386974E-02
    0.558000E+06    0.386636E-02
    0.561600E+06    0.385674E-02
    0.565200E+06    0.384488E-02
    0.568800E+06    0.383219E-02
    0.572400E+06    0.381994E-02
    0.576000E+06    0.380977E-02
    0.579600E+06    0.380138E-02
    0.583200E+06    0.378144E-02
    0.586800E+06    0.373305E-02
    0.590400E+06    0.366276E-02
    0.594000E+06    0.358970E-02
    0.597600E+06    0.351713E-02
    0.601200E+06    0.344561E-02
    0.604800E+06    0.337538E-02
    0.608400E+06    0.330657E-02
    0.612000E+06    0.323926E-02
    0.615600E+06    0.317355E-02
    0.619200E+06    0.310956E-02
    0.622800E+06    0.304886E-02
    0.626400E+06    0.306186E-02
    0.630000E+06    0.342467E-02
    0.633600E+06    0.375535E-02
    0.637200E+06    0.385819E-02
    0.640800E+06    0.387666E-02
    0.644400E+06    0.387291E-02
    0.648000E+06    0.386274E-02
    0.651600E+06    0.385018E-02
    0.655200E+06    0.383672E-02
    0.658800E+06    0.382380E-02
    0.662400E+06    0.381332E-02
    0.666000E+06    0.380508E-02
    0.669600E+06    0.378515E-02
    0.673200E+06    0.373654E-02
    0.676800E+06    0.366606E-02
    0.680400E+06    0.359295E-02
    0.684000E+06    0.352034E-02
    0.687600E+06    0.344877E-02
    0.691200E+06    0.337849E-02
    0.694800E+06    0.330960E-02
    0.698400E+06    0.324221E-02
    0.702000E+06    0.317640E-02
    0.705600E+06    0.311230E-02
    0.709200E+06    0.305144E-02
    0.712800E+06    0.306399E-02
    0.716400E+06    0.342833E-02
    0.720000E+06    0.376064E-02
    0.723600E+06    0.386368E-02
    0.727200E+06    0.388210E-02
    0.730800E+06    0.387806E-02
    0.734400E+06    0.386744E-02
    0.738000E+06    0.385427E-02
    0.741600E+06    0.384014E-02
    0.745200E+06    0.382666E-02
    0.748800E+06    0.381593E-02
    0.752400E+06    0.380783E-02
    0.756000E+06    0.378795E-02
    0.759600E+06    0.373918E-02
    0.763200E+06    0.366858E-02
    0.766800E+06    0.359542E-02
    0.770400E+06    0.352278E-02
    0.774000E+06    0.345118E-02
    0.777600E+06    0.338085E-02
    0.781200E+06    0.331191E-02
    0.784800E+06    0.324445E-02
    0.788400E+06    0.317857E-02
    0.792000E+06    0.311438E-02
    0.795600E+06    0.305342E-02
    0.799200E+06    0.306557E-02
    0.802800E+06    0.343052E-02
    0.806400E+06    0.376431E-02
    0.810000E+06    0.386780E-02
    0.813600E+06    0.388627E-02
    0.817200E+06    0.388205E-02
    0.820800E+06    0.387104E-02
    0.824400E+06    0.385735E-02
    0.828000E+06    0.384264E-02
    0.831600E+06    0.382866E-02
    0.835200E+06    0.381773E-02
    0.838800E+06    0.380981E-02
    0.842400E+06    0.379002E-02
    0.846000E+06    0.374116E-02
    0.849600E+06    0.367046E-02
    0.853200E+06    0.359727E-02
    0.856800E+06    0.352461E-02
    0.860400E+06    0.345298E-02
    0.864000E+06    0.338262E-02
    0.867600E+06    0.331364E-02
    0.871200E+06    0.324613E-02
    0.874800E+06    0.318019E-02
    0.878400E+06    0.311594E-02
    0.882000E+06    0.305489E-02
    0.885600E+06    0.306663E-02
    0.889200E+06    0.343144E-02
    0.892800E+06    0.376666E-02
    0.896400E+06    0.387080E-02
    0.900000E+06    0.388946E-02
    0.903600E+06    0.388513E-02
    0.907200E+06    0.387381E-02
    0.910800E+06    0.385967E-02
    0.914400E+06    0.384445E-02
    0.918000E+06    0.383005E-02
    0.921600E+06    0.381895E-02
    0.925200E+06    0.381121E-02
    0.928800E+06    0.379155E-02
    0.932400E+06    0.374264E-02
    0.936000E+06    0.367187E-02
    0.939600E+06    0.359866E-02
    0.943200E+06    0.352598E-02
    0.946800E+06    0.345434E-02
    0.950400E+06    0.338395E-02
    0.954000E+06    0.331493E-02
    0.957600E+06    0.324739E-02
    0.961200E+06    0.318140E-02
    0.964800E+06    0.311710E-02
    0.968400E+06    0.305600E-02
    0.972000E+06    0.306732E-02
    0.975600E+06    0.343144E-02
    0.979200E+06    0.376784E-02
    0.982800E+06    0.387293E-02
    0.986400E+06    0.389190E-02
    0.990000E+06    0.388753E-02
    0.993600E+06    0.387597E-02
    0.997200E+06    0.386144E-02
    0.100080E+07    0.384578E-02
    0.100440E+07    0.383101E-02
    0.100800E+07    0.381978E-02
    0.101160E+07    0.381222E-02
    0.101520E+07    0.379269E-02
    0.101880E+07    0.374376E-02
    0.102240E+07    0.367295E-02
    0.102600E+07    0.359972E-02
    0.102960E+07    0.352703E-02
    0.103320E+07    0.345537E-02
    0.103680E+07    0.338496E-02
    0.104040E+07    0.331593E-02
    0.104400E+07    0.324835E-02
    0.104760E+07    0.318234E-02
    0.105120E+07    0.311800E-02
    0.105480E+07    0.305686E-02
    0.105840E+07    0.306775E-02
    0.106200E+07    0.343078E-02
    0.106560E+07    0.376837E-02
    0.106920E+07    0.387444E-02
    0.107280E+07    0.389378E-02
    0.107640E+07    0.388941E-02
    0.108000E+07    0.387766E-02
    0.108360E+07    0.386280E-02
    0.108720E+07    0.384677E-02
    0.109080E+07    0.383168E-02
    0.109440E+07    0.382034E-02
    0.109800E+07    0.381295E-02
    0.110160E+07    0.379358E-02
    0.110520E+07    0.374465E-02
    0.110880E+07    0.367381E-02
    0.111240E+07    0.360056E-02
    0.111600E+07    0.352786E-02
    0.111960E+07    0.345619E-02
    0.112320E+07    0.338576E-02
    0.112680E+07    0.331671E-02
    0.113040E+07    0.324911E-02
    0.113400E+07    0.318307E-02
    0.113760E+07    0.311871E-02
    0.114120E+07    0.305753E-02
    0.114480E+07    0.306799E-02
    0.114840E+07    0.342951E-02
    0.115200E+07    0.376821E-02
    0.115560E+07    0.387542E-02
    0.115920E+07    0.389523E-02
    0.116280E+07    0.389092E-02
    0.116640E+07    0.387902E-02
    0.117000E+07    0.386389E-02
    0.117360E+07    0.384753E-02
    0.117720E+07    0.383218E-02
    0.118080E+07    0.382076E-02
    0.118440E+07    0.381352E-02
    0.118800E+07    0.379428E-02
    0.119160E+07    0.374535E-02
    0.119520E+07    0.367448E-02
    0.119880E+07    0.360122E-02
    0.120240E+07    0.352852E-02
    0.120600E+07    0.345683E-02
    0.120960E+07    0.338640E-02
