    0.000000E+00    0.636433E+01
    0.360000E+04    0.449037E+01
    0.720000E+04    0.457498E+01
    0.108000E+05    0.467170E+01
    0.144000E+05    0.478377E+01
    0.180000E+05    0.503067E+01
    0.216000E+05    0.595233E+01
    0.252000E+05    0.583390E+01
    0.288000E+05    0.530571E+01
    0.324000E+05    0.514277E+01
    0.360000E+05    0.517597E+01
    0.396000E+05    0.514045E+01
    0.432000E+05    0.505943E+01
    0.468000E+05    0.496830E+01
    0.504000E+05    0.488675E+01
    0.540000E+05    0.483653E+01
    0.576000E+05    0.485254E+01
    0.612000E+05    0.499575E+01
    0.648000E+05    0.528600E+01
    0.684000E+05    0.548219E+01
    0.720000E+05    0.521215E+01
    0.756000E+05    0.506671E+01
    0.792000E+05    0.502143E+01
    0.828000E+05    0.501156E+01
    0.864000E+05    0.501555E+01
    0.900000E+05    0.502583E+01
    0.936000E+05    0.503991E+01
    0.972000E+05    0.505687E+01
    0.100800E+06    0.507645E+01
    0.104400E+06    0.546233E+01
    0.108000E+06    0.600434E+01
    0.111600E+06    0.579173E+01
    0.115200E+06    0.561954E+01
    0.118800E+06    0.552061E+01
    0.122400E+06    0.540142E+01
    0.126000E+06    0.526191E+01
    0.129600E+06    0.512058E+01
    0.133200E+06    0.498864E+01
    0.136800E+06    0.487823E+01
    0.140400E+06    0.481089E+01
    0.144000E+06    0.482368E+01
    0.147600E+06    0.498522E+01
    0.151200E+06    0.530853E+01
    0.154800E+06    0.550258E+01
    0.158400E+06    0.521325E+01
    0.162000E+06    0.506741E+01
    0.165600E+06    0.502040E+01
    0.169200E+06    0.501192E+01
    0.172800E+06    0.502087E+01
    0.176400E+06    0.503865E+01
    0.180000E+06    0.506191E+01
    0.183600E+06    0.508917E+01
    0.187200E+06    0.511967E+01
    0.190800E+06    0.556334E+01
    0.194400E+06    0.610725E+01
    0.198000E+06    0.589073E+01
    0.201600E+06    0.569624E+01
    0.205200E+06    0.557137E+01
    0.208800E+06    0.543145E+01
    0.212400E+06    0.527158E+01
    0.216000E+06    0.510856E+01
    0.219600E+06    0.495771E+01
    0.223200E+06    0.483558E+01
    0.226800E+06    0.476512E+01
    0.230400E+06    0.478235E+01
    0.234000E+06    0.496077E+01
    0.237600E+06    0.531695E+01
    0.241200E+06    0.551304E+01
    0.244800E+06    0.521099E+01
    0.248400E+06    0.507298E+01
    0.252000E+06    0.502850E+01
    0.255600E+06    0.502324E+01
    0.259200E+06    0.503795E+01
    0.262800E+06    0.506373E+01
    0.266400E+06    0.509650E+01
    0.270000E+06    0.513411E+01
    0.273600E+06    0.517497E+01
    0.277200E+06    0.566035E+01
    0.280800E+06    0.620467E+01
    0.284400E+06    0.597800E+01
    0.288000E+06    0.575742E+01
    0.291600E+06    0.560922E+01
    0.295200E+06    0.545326E+01
    0.298800E+06    0.527948E+01
    0.302400E+06    0.510310E+01
    0.306000E+06    0.494293E+01
    0.309600E+06    0.481849E+01
    0.313200E+06    0.475228E+01
    0.316800E+06    0.477832E+01
    0.320400E+06    0.497133E+01
    0.324000E+06    0.534122E+01
    0.327600E+06    0.553016E+01
    0.331200E+06    0.521600E+01
    0.334800E+06    0.508776E+01
    0.338400E+06    0.504812E+01
    0.342000E+06    0.504728E+01
    0.345600E+06    0.506803E+01
    0.349200E+06    0.510139E+01
    0.352800E+06    0.514268E+01
    0.356400E+06    0.518898E+01
    0.360000E+06    0.523798E+01
    0.363600E+06    0.575084E+01
    0.367200E+06    0.629773E+01
    0.370800E+06    0.605885E+01
    0.374400E+06    0.581453E+01
    0.378000E+06    0.564784E+01
    0.381600E+06    0.548127E+01
    0.385200E+06    0.529997E+01
    0.388800E+06    0.511674E+01
    0.392400E+06    0.495253E+01
    0.396000E+06    0.482896E+01
    0.399600E+06    0.476821E+01
    0.403200E+06    0.480324E+01
    0.406800E+06    0.500770E+01
    0.410400E+06    0.537616E+01
    0.414000E+06    0.555218E+01
    0.417600E+06    0.522643E+01
    0.421200E+06    0.510730E+01
    0.424800E+06    0.507310E+01
    0.428400E+06    0.507695E+01
    0.432000E+06    0.510316E+01
    0.435600E+06    0.514301E+01
    0.439200E+06    0.519110E+01
    0.442800E+06    0.524384E+01
    0.446400E+06    0.529826E+01
    0.450000E+06    0.582863E+01
    0.453600E+06    0.638284E+01
    0.457200E+06    0.613084E+01
    0.460800E+06    0.586618E+01
    0.464400E+06    0.568509E+01
    0.468000E+06    0.551142E+01
    0.471600E+06    0.532629E+01
    0.475200E+06    0.513967E+01
    0.478800E+06    0.497347E+01
    0.482400E+06    0.485121E+01
    0.486000E+06    0.479530E+01
    0.489600E+06    0.483826E+01
    0.493200E+06    0.505086E+01
    0.496800E+06    0.541180E+01
    0.500400E+06    0.557479E+01
    0.504000E+06    0.523896E+01
    0.507600E+06    0.512730E+01
    0.511200E+06    0.509820E+01
    0.514800E+06    0.510629E+01
    0.518400E+06    0.513711E+01
    0.522000E+06    0.518194E+01
    0.525600E+06    0.523500E+01
    0.529200E+06    0.529202E+01
    0.532800E+06    0.534982E+01
    0.536400E+06    0.589094E+01
    0.540000E+06    0.645684E+01
    0.543600E+06    0.619223E+01
    0.547200E+06    0.591021E+01
    0.550800E+06    0.571783E+01
    0.554400E+06    0.553893E+01
    0.558000E+06    0.535150E+01
    0.561600E+06    0.516293E+01
    0.565200E+06    0.499550E+01
    0.568800E+06    0.487446E+01
    0.572400E+06    0.482272E+01
    0.576000E+06    0.487230E+01
    0.579600E+06    0.509078E+01
    0.583200E+06    0.544311E+01
    0.586800E+06    0.559537E+01
    0.590400E+06    0.525136E+01
    0.594000E+06    0.514533E+01
    0.597600E+06    0.512036E+01
    0.601200E+06    0.513197E+01
    0.604800E+06    0.516630E+01
    0.608400E+06    0.521478E+01
    0.612000E+06    0.527124E+01
    0.615600E+06    0.533105E+01
    0.619200E+06    0.539075E+01
    0.622800E+06    0.593870E+01
    0.626400E+06    0.651820E+01
    0.630000E+06    0.624257E+01
    0.633600E+06    0.594604E+01
    0.637200E+06    0.574462E+01
    0.640800E+06    0.556153E+01
    0.644400E+06    0.537231E+01
    0.648000E+06    0.518216E+01
    0.651600E+06    0.501380E+01
    0.655200E+06    0.489392E+01
    0.658800E+06    0.484571E+01
    0.662400E+06    0.490081E+01
    0.666000E+06    0.512342E+01
    0.669600E+06    0.546859E+01
    0.673200E+06    0.561270E+01
    0.676800E+06    0.526224E+01
    0.680400E+06    0.516027E+01
    0.684000E+06    0.513855E+01
    0.687600E+06    0.515287E+01
    0.691200E+06    0.518977E+01
    0.694800E+06    0.524078E+01
    0.698400E+06    0.529953E+01
    0.702000E+06    0.536109E+01
    0.705600E+06    0.542191E+01
    0.709200E+06    0.597443E+01
    0.712800E+06    0.656708E+01
    0.716400E+06    0.628290E+01
    0.720000E+06    0.597496E+01
    0.723600E+06    0.576568E+01
    0.727200E+06    0.557899E+01
    0.730800E+06    0.538798E+01
    0.734400E+06    0.519622E+01
    0.738000E+06    0.502690E+01
    0.741600E+06    0.490805E+01
    0.745200E+06    0.486287E+01
    0.748800E+06    0.492342E+01
    0.752400E+06    0.514819E+01
    0.756000E+06    0.548829E+01
    0.759600E+06    0.562657E+01
    0.763200E+06    0.527113E+01
    0.766800E+06    0.517195E+01
    0.770400E+06    0.515258E+01
    0.774000E+06    0.516884E+01
    0.777600E+06    0.520764E+01
    0.781200E+06    0.526038E+01
    0.784800E+06    0.532063E+01
    0.788400E+06    0.538328E+01
    0.792000E+06    0.544477E+01
    0.795600E+06    0.600067E+01
    0.799200E+06    0.660481E+01
    0.802800E+06    0.631424E+01
    0.806400E+06    0.599701E+01
    0.810000E+06    0.578152E+01
    0.813600E+06    0.559162E+01
    0.817200E+06    0.539875E+01
    0.820800E+06    0.520525E+01
    0.824400E+06    0.503494E+01
    0.828000E+06    0.491702E+01
    0.831600E+06    0.487461E+01
    0.835200E+06    0.493899E+01
    0.838800E+06    0.516620E+01
    0.842400E+06    0.550304E+01
    0.846000E+06    0.563728E+01
    0.849600E+06    0.527792E+01
    0.853200E+06    0.518063E+01
    0.856800E+06    0.516289E+01
    0.860400E+06    0.518057E+01
    0.864000E+06    0.522061E+01
    0.867600E+06    0.527456E+01
    0.871200E+06    0.533575E+01
    0.874800E+06    0.539906E+01
    0.878400E+06    0.546091E+01
    0.882000E+06    0.601975E+01
    0.885600E+06    0.663322E+01
    0.889200E+06    0.633855E+01
    0.892800E+06    0.601384E+01
    0.896400E+06    0.579312E+01
    0.900000E+06    0.560036E+01
    0.903600E+06    0.540554E+01
    0.907200E+06    0.521021E+01
    0.910800E+06    0.503903E+01
    0.914400E+06    0.492200E+01
    0.918000E+06    0.488207E+01
    0.921600E+06    0.494968E+01
    0.925200E+06    0.517898E+01
    0.928800E+06    0.551389E+01
    0.932400E+06    0.564538E+01
    0.936000E+06    0.528281E+01
    0.939600E+06    0.518676E+01
    0.943200E+06    0.517017E+01
    0.946800E+06    0.518886E+01
    0.950400E+06    0.522974E+01
    0.954000E+06    0.528451E+01
    0.957600E+06    0.534628E+01
    0.961200E+06    0.540995E+01
    0.964800E+06    0.547199E+01
    0.968400E+06    0.603358E+01
    0.972000E+06    0.665440E+01
    0.975600E+06    0.635712E+01
    0.979200E+06    0.602672E+01
    0.982800E+06    0.580163E+01
    0.986400E+06    0.560636E+01
    0.990000E+06    0.540963E+01
    0.993600E+06    0.521248E+01
    0.997200E+06    0.504037E+01
    0.100080E+07    0.492421E+01
    0.100440E+07    0.488645E+01
    0.100800E+07    0.495641E+01
    0.101160E+07    0.518800E+01
    0.101520E+07    0.552187E+01
    0.101880E+07    0.565144E+01
    0.102240E+07    0.528628E+01
    0.102600E+07    0.519093E+01
    0.102960E+07    0.517507E+01
    0.103320E+07    0.519443E+01
    0.103680E+07    0.523588E+01
    0.104040E+07    0.529114E+01
    0.104400E+07    0.535335E+01
    0.104760E+07    0.541732E+01
    0.105120E+07    0.547953E+01
    0.105480E+07    0.604359E+01
    0.105840E+07    0.667015E+01
    0.106200E+07    0.637163E+01
    0.106560E+07    0.603608E+01
    0.106920E+07    0.580781E+01
    0.107280E+07    0.561036E+01
    0.107640E+07    0.541182E+01
    0.108000E+07    0.521291E+01
    0.108360E+07    0.503999E+01
    0.108720E+07    0.492469E+01
    0.109080E+07    0.488886E+01
    0.109440E+07    0.496110E+01
    0.109800E+07    0.519430E+01
    0.110160E+07    0.552771E+01
    0.110520E+07    0.565591E+01
    0.110880E+07    0.528853E+01
    0.111240E+07    0.519364E+01
    0.111600E+07    0.517824E+01
    0.111960E+07    0.519800E+01
    0.112320E+07    0.523983E+01
    0.112680E+07    0.529535E+01
    0.113040E+07    0.535783E+01
    0.113400E+07    0.542203E+01
    0.113760E+07    0.548426E+01
    0.114120E+07    0.605074E+01
    0.114480E+07    0.668175E+01
    0.114840E+07    0.638293E+01
    0.115200E+07    0.604412E+01
    0.115560E+07    0.581243E+01
    0.115920E+07    0.561309E+01
    0.116280E+07    0.541292E+01
    0.116640E+07    0.521239E+01
    0.117000E+07    0.503876E+01
    0.117360E+07    0.492418E+01
    0.117720E+07    0.489009E+01
    0.118080E+07    0.496516E+01
    0.118440E+07    0.519897E+01
    0.118800E+07    0.553212E+01
    0.119160E+07    0.565929E+01
    0.119520E+07    0.528999E+01
    0.119880E+07    0.519524E+01
    0.120240E+07    0.518018E+01
    0.120600E+07    0.520020E+01
    0.120960E+07    0.524221E+01
